"ESA_Value","Correct","InCorrect","Total"
10,0,167146,167146
11,103,141796,141899
12,0,860,860
20,0,4968,4968
30,1454,344623,346077
40,8,675402,675410
50,4989301,164782,5154083
80,0,337,337
100,0,20479,20479
110,0,28877,28877
120,331699,1009356,1341055
121,0,486,486
130,0,523,523
150,2908,380908,383816
160,0,115792,115792
170,0,237938,237938
190,35870,73138,109008
210,34,188804,188838
