date	tstep	P in 10N-45N	P in 10S-10N	P in 35S-10S	P total	F_epi	F_meso	F_mmeso	F_bathy	F_mbathy	F_hmbathy	B Larvae alb	B Juv alb	B Rec alb	B Young alb	B Adult alb	B Totalalb	
1979-1-15	1	0	1.15849e+15	8.02935e+14	2.81137e+15	4.15335e+07	4.16275e+07	6.70038e+07	1.17744e+08	6.61867e+07	7.37271e+07	1119.18	3543.67	5821.8	619926	763760	1.38369e+06	
1979-2-15	2	0	1.1787e+15	7.72989e+14	2.73619e+15	4.15368e+07	4.17086e+07	6.73227e+07	1.17744e+08	6.65211e+07	7.46154e+07	1098.55	3565.22	5846.41	615809	769030	1.38484e+06	
1979-3-15	3	0	1.165e+15	7.06567e+14	2.55319e+15	4.10299e+07	4.1724e+07	6.73005e+07	1.17902e+08	6.68165e+07	7.50587e+07	1084.08	3560.29	5834.13	611944	774528	1.38647e+06	
1979-4-15	4	0	1.12278e+15	6.42075e+14	2.35535e+15	4.03554e+07	4.18296e+07	6.72875e+07	1.18637e+08	6.7362e+07	7.52538e+07	1067.99	3493.86	5795.31	608833	780976	1.38981e+06	
1979-5-15	5	0	1.08239e+15	6.12167e+14	2.19892e+15	3.94594e+07	4.20121e+07	6.68639e+07	1.19696e+08	6.78915e+07	7.51334e+07	1033.31	3435.45	5694.32	606709	788211	1.39492e+06	
1979-6-15	6	0	1.07106e+15	6.73211e+14	2.20007e+15	3.8717e+07	4.21219e+07	6.62084e+07	1.20776e+08	6.81962e+07	7.46351e+07	1003.91	3352.09	5576.79	605421	796378	1.4018e+06	
1979-7-15	7	0	1.07946e+15	8.18353e+14	2.44388e+15	3.83287e+07	4.21853e+07	6.56723e+07	1.21558e+08	6.82874e+07	7.40019e+07	948.554	3254.85	5450	604663	805503	1.41017e+06	
1979-8-15	8	0	1.11885e+15	9.91817e+14	2.81129e+15	3.83798e+07	4.21867e+07	6.55217e+07	1.22042e+08	6.8226e+07	7.34887e+07	882.149	3142.29	5275.28	604590	800828	1.40542e+06	
1979-9-15	9	0	1.13167e+15	1.05935e+15	3.11455e+15	3.9093e+07	4.20684e+07	6.57575e+07	1.22278e+08	6.80193e+07	7.33038e+07	909.643	2968.15	5058.89	605285	793757	1.39904e+06	
1979-10-15	10	0	1.12703e+15	1.03946e+15	3.16243e+15	4.0192e+07	4.20121e+07	6.62873e+07	1.2231e+08	6.77392e+07	7.35232e+07	974.256	2900.69	4895.44	605913	781973	1.38789e+06	
1979-11-15	11	0	1.1166e+15	9.52995e+14	3.01839e+15	4.10765e+07	4.19012e+07	6.68253e+07	1.21898e+08	6.73459e+07	7.35687e+07	1008.17	3044.14	4908.53	606086	771342	1.37743e+06	
1979-12-15	12	0	1.08349e+15	8.97491e+14	2.84826e+15	4.15073e+07	4.1879e+07	6.70969e+07	1.21424e+08	6.69531e+07	7.37998e+07	1035.44	3206.24	5124.21	606288	765791	1.37208e+06	
1980-1-15	13	0	1.10981e+15	8.34885e+14	2.77848e+15	4.14909e+07	4.18757e+07	6.72029e+07	1.2118e+08	6.70618e+07	7.42856e+07	1080.56	3301.43	5344.31	607141	760679	1.36782e+06	
1980-2-15	14	0	1.11136e+15	7.67603e+14	2.6586e+15	4.10411e+07	4.19499e+07	6.72406e+07	1.21179e+08	6.74129e+07	7.48819e+07	1079.13	3404.86	5511.1	608577	761729	1.37031e+06	
1980-3-15	15	0	1.08728e+15	7.14595e+14	2.49116e+15	4.03196e+07	4.19589e+07	6.71198e+07	1.21657e+08	6.7836e+07	7.51594e+07	1047.07	3469.81	5620.95	609363	763404	1.37277e+06	
1980-4-15	16	0	1.05522e+15	6.51642e+14	2.31855e+15	3.95275e+07	4.20116e+07	6.68406e+07	1.22196e+08	6.82058e+07	7.51143e+07	1027.44	3409.4	5639.92	609992	766793	1.37678e+06	
1980-5-15	17	0	1.02428e+15	6.13524e+14	2.17976e+15	3.86091e+07	4.20292e+07	6.62295e+07	1.22729e+08	6.84461e+07	7.47451e+07	1014.9	3311.85	5532.34	610753	771873	1.38263e+06	
1980-6-15	18	0	1.00718e+15	6.79849e+14	2.15287e+15	3.78561e+07	4.20566e+07	6.54433e+07	1.23491e+08	6.86228e+07	7.41386e+07	1009.16	3252.74	5403.4	611160	778439	1.3896e+06	
1980-7-15	19	0	1.06122e+15	8.37637e+14	2.4205e+15	3.72757e+07	4.20955e+07	6.46365e+07	1.24194e+08	6.87517e+07	7.32149e+07	975.005	3227.32	5334.5	611843	786446	1.39829e+06	
1980-8-15	20	0	1.12483e+15	1.03418e+15	2.88694e+15	3.7502e+07	4.21397e+07	6.44906e+07	1.24653e+08	6.86787e+07	7.25964e+07	906.101	3182.12	5269.75	612872	781547	1.39442e+06	
1980-9-15	21	0	1.15948e+15	1.10731e+15	3.21526e+15	3.83779e+07	4.21058e+07	6.48008e+07	1.24851e+08	6.84543e+07	7.24277e+07	926.829	3046.24	5139.95	614319	774674	1.38899e+06	
1980-10-15	22	0	1.16295e+15	1.01859e+15	3.24089e+15	3.96849e+07	4.20369e+07	6.56112e+07	1.24704e+08	6.80734e+07	7.26684e+07	997.689	2968.13	5011.33	615450	763212	1.37866e+06	
1980-11-15	23	0	1.12532e+15	9.66305e+14	3.06051e+15	4.05585e+07	4.1969e+07	6.62551e+07	1.24046e+08	6.76451e+07	7.28766e+07	1028.04	3107.97	5021.08	616274	752724	1.369e+06	
1980-12-15	24	0	1.12855e+15	8.88417e+14	2.87095e+15	4.10377e+07	4.19552e+07	6.66121e+07	1.2348e+08	6.72771e+07	7.3244e+07	1046.67	3276.07	5228.5	616714	747471	1.36418e+06	
1981-1-15	25	0	1.16213e+15	8.18619e+14	2.81404e+15	4.1039e+07	4.20272e+07	6.68594e+07	1.23109e+08	6.73711e+07	7.37821e+07	1081.63	3348.73	5437.79	617950	742747	1.3607e+06	
1981-2-15	26	0	1.18133e+15	7.64859e+14	2.72777e+15	4.07023e+07	4.21373e+07	6.70091e+07	1.2312e+08	6.77794e+07	7.44352e+07	1074.81	3419.96	5562.24	620173	743953	1.36413e+06	
1981-3-15	27	0	1.16329e+15	7.24472e+14	2.57262e+15	4.01758e+07	4.22163e+07	6.70767e+07	1.23423e+08	6.8279e+07	7.49456e+07	1053.16	3462.38	5630.94	622054	745769	1.36782e+06	
1981-4-15	28	0	1.14145e+15	6.54633e+14	2.3784e+15	3.93695e+07	4.21662e+07	6.66996e+07	1.23564e+08	6.84489e+07	7.48596e+07	1044.51	3411.96	5639.8	623728	748998	1.37273e+06	
1981-5-15	29	0	1.13406e+15	6.12443e+14	2.25615e+15	3.84412e+07	4.23062e+07	6.61756e+07	1.24311e+08	6.88253e+07	7.4648e+07	1023.84	3351.96	5564.14	625398	753828	1.37923e+06	
1981-6-15	30	0	1.09406e+15	6.80733e+14	2.21495e+15	3.772e+07	4.23651e+07	6.54971e+07	1.25122e+08	6.90667e+07	7.4198e+07	995.66	3299	5465.68	627072	760024	1.3871e+06	
1981-7-15	31	0	1.14817e+15	8.11083e+14	2.49308e+15	3.72389e+07	4.2444e+07	6.49012e+07	1.25837e+08	6.91891e+07	7.34724e+07	935.081	3222.82	5367.85	628784	767630	1.39641e+06	
1981-8-15	32	0	1.17874e+15	9.76209e+14	2.87236e+15	3.73124e+07	4.24635e+07	6.47463e+07	1.26329e+08	6.91475e+07	7.29781e+07	864.044	3102.91	5211.73	630751	762832	1.39358e+06	
1981-9-15	33	0	1.24527e+15	1.09894e+15	3.29651e+15	3.79575e+07	4.23998e+07	6.49417e+07	1.26562e+08	6.89986e+07	7.27777e+07	889.931	2915.78	4986.18	632971	756424	1.3894e+06	
1981-10-15	34	0	1.19721e+15	1.07006e+15	3.37053e+15	3.91437e+07	4.23531e+07	6.57011e+07	1.26441e+08	6.87331e+07	7.30995e+07	946.99	2840.45	4807.26	634505	745772	1.38028e+06	
1981-11-15	35	0	1.20025e+15	9.97205e+14	3.22272e+15	4.0148e+07	4.23112e+07	6.63727e+07	1.25911e+08	6.83216e+07	7.32776e+07	978.727	2970.09	4800.73	635141	736307	1.37145e+06	
1981-12-15	36	0	1.1685e+15	9.21765e+14	2.97345e+15	4.08643e+07	4.2353e+07	6.68627e+07	1.25303e+08	6.79146e+07	7.37477e+07	997.41	3111.43	4991.97	635131	732396	1.36753e+06	
1982-1-15	37	0	1.16849e+15	8.46221e+14	2.85307e+15	4.10665e+07	4.23792e+07	6.7256e+07	1.24771e+08	6.79343e+07	7.44269e+07	1029.58	3185.93	5171.94	635613	729466	1.36508e+06	
1982-2-15	38	0	1.17128e+15	8.00064e+14	2.75199e+15	4.08397e+07	4.24126e+07	6.74267e+07	1.24721e+08	6.8341e+07	7.52473e+07	1032.12	3254.58	5293.78	637282	732310	1.36959e+06	
1982-3-15	39	0	1.1551e+15	7.35906e+14	2.5717e+15	4.03023e+07	4.24652e+07	6.75078e+07	1.24898e+08	6.88265e+07	7.57915e+07	987.919	3302.81	5367.69	638460	735640	1.3741e+06	
1982-4-15	40	0	1.13547e+15	6.6614e+14	2.38329e+15	3.96336e+07	4.25258e+07	6.73413e+07	1.25487e+08	6.92832e+07	7.60649e+07	952.614	3233.31	5351.51	639293	740501	1.37979e+06	
1982-5-15	41	0	1.09946e+15	6.43333e+14	2.26523e+15	3.87057e+07	4.25948e+07	6.67619e+07	1.26265e+08	6.96857e+07	7.58011e+07	925.116	3096.36	5213.96	640110	746885	1.387e+06	
1982-6-15	42	0	1.06209e+15	7.52662e+14	2.27847e+15	3.79292e+07	4.26105e+07	6.59402e+07	1.27296e+08	6.99054e+07	7.52308e+07	912.67	2992.49	5020.07	640916	754313	1.39523e+06	
1982-7-15	43	0	1.09213e+15	9.14711e+14	2.54391e+15	3.75536e+07	4.26458e+07	6.54328e+07	1.27885e+08	6.99253e+07	7.45213e+07	872.622	2932.42	4888.43	641782	762961	1.40474e+06	
1982-8-15	44	0	1.15559e+15	1.20877e+15	3.08602e+15	3.78069e+07	4.26125e+07	6.52801e+07	1.28309e+08	6.98351e+07	7.39476e+07	805.535	2868.16	4779.73	642174	759087	1.40126e+06	
1982-9-15	45	0	1.12681e+15	1.23609e+15	3.2857e+15	3.893e+07	4.25271e+07	6.57382e+07	1.2828e+08	6.95412e+07	7.39881e+07	833.763	2722.8	4630.79	642203	753793	1.396e+06	
1982-10-15	46	0	1.06235e+15	1.1491e+15	3.34695e+15	4.01758e+07	4.23526e+07	6.63556e+07	1.27928e+08	6.89824e+07	7.4285e+07	914.094	2658.34	4501.16	641503	744132	1.38563e+06	
1982-11-15	47	0	1.00345e+15	1.00038e+15	3.04745e+15	4.09375e+07	4.22593e+07	6.68322e+07	1.27211e+08	6.85025e+07	7.42774e+07	965.903	2825.68	4539.03	639478	736147	1.37563e+06	
1982-12-15	48	0	9.83812e+14	9.25203e+14	2.80663e+15	4.11387e+07	4.21916e+07	6.68493e+07	1.26578e+08	6.80919e+07	7.42635e+07	1020.05	3044.9	4813.38	636402	733536	1.36994e+06	
1983-1-15	49	0	9.9546e+14	8.33709e+14	2.67734e+15	4.0895e+07	4.21523e+07	6.66395e+07	1.26398e+08	6.84002e+07	7.44075e+07	1088.06	3212.17	5140.87	633579	731787	1.36537e+06	
1983-2-15	50	0	9.94644e+14	7.683e+14	2.54083e+15	4.03421e+07	4.228e+07	6.63986e+07	1.26535e+08	6.89171e+07	7.4657e+07	1134.92	3402.55	5432.98	631903	735593	1.3675e+06	
1983-3-15	51	0	9.5682e+14	7.05353e+14	2.36732e+15	3.96908e+07	4.23869e+07	6.61968e+07	1.26871e+08	6.9395e+07	7.48665e+07	1184.34	3585.72	5722.71	630371	739798	1.37017e+06	
1983-4-15	52	0	8.96076e+14	6.26387e+14	2.11908e+15	3.87467e+07	4.24141e+07	6.57481e+07	1.2759e+08	6.97813e+07	7.46784e+07	1225.8	3738.18	6009.7	628993	745214	1.37421e+06	
1983-5-15	53	0	8.44264e+14	5.89879e+14	1.96517e+15	3.77504e+07	4.24752e+07	6.49781e+07	1.28684e+08	7.00985e+07	7.42205e+07	1258.24	3882.93	6254.67	628328	751539	1.37987e+06	
1983-6-15	54	0	8.61532e+14	6.64242e+14	1.99122e+15	3.69113e+07	4.24062e+07	6.40729e+07	1.29426e+08	7.02179e+07	7.33561e+07	1282.71	4003.04	6482.69	628351	758383	1.38673e+06	
1983-7-15	55	0	9.73597e+14	8.27052e+14	2.31358e+15	3.66478e+07	4.22589e+07	6.33488e+07	1.29899e+08	7.00834e+07	7.23783e+07	1239.28	4104.18	6673.42	628636	766305	1.39494e+06	
1983-8-15	56	0	1.11058e+15	1.09055e+15	2.88082e+15	3.70283e+07	4.21015e+07	6.30641e+07	1.30237e+08	6.98736e+07	7.16475e+07	1176.6	4109.73	6759.03	629331	761893	1.39122e+06	
1983-9-15	57	0	1.17654e+15	1.18075e+15	3.26785e+15	3.83705e+07	4.20445e+07	6.36313e+07	1.30201e+08	6.95241e+07	7.1452e+07	1172.71	3966.52	6696.09	630247	756347	1.38659e+06	
1983-10-15	58	0	1.16522e+15	1.05151e+15	3.25092e+15	3.99514e+07	4.19888e+07	6.49107e+07	1.29659e+08	6.90693e+07	7.18187e+07	1181.06	3856.99	6520.11	631181	746781	1.37796e+06	
1983-11-15	59	0	1.12357e+15	9.70894e+14	3.11768e+15	4.1162e+07	4.20267e+07	6.6209e+07	1.28719e+08	6.86032e+07	7.22701e+07	1168.75	3854.93	6392.33	631930	738257	1.37019e+06	
1983-12-15	60	0	1.1325e+15	8.93964e+14	2.9516e+15	4.16944e+07	4.21865e+07	6.69044e+07	1.27779e+08	6.81574e+07	7.29429e+07	1160.63	3838.64	6352.69	632811	734468	1.36728e+06	
1984-1-15	61	0	1.13314e+15	8.26261e+14	2.80084e+15	4.17461e+07	4.22842e+07	6.72949e+07	1.27011e+08	6.82008e+07	7.37388e+07	1163.84	3792.22	6300.43	634667	731631	1.3663e+06	
1984-2-15	62	0	1.13961e+15	7.55078e+14	2.67267e+15	4.15282e+07	4.23762e+07	6.76031e+07	1.26692e+08	6.84796e+07	7.4574e+07	1136.52	3766.4	6229.96	637342	734979	1.37232e+06	
1984-3-15	63	0	1.11314e+15	6.98688e+14	2.50127e+15	4.10216e+07	4.24422e+07	6.76939e+07	1.26728e+08	6.89532e+07	7.51292e+07	1083.47	3715.89	6144.89	639749	739064	1.37881e+06	
1984-4-15	64	0	1.10758e+15	6.49664e+14	2.36395e+15	4.03428e+07	4.24739e+07	6.75085e+07	1.27018e+08	6.93394e+07	7.52597e+07	1037.92	3578.38	5995.69	641888	744892	1.38678e+06	
1984-5-15	65	0	1.10752e+15	6.66409e+14	2.30315e+15	3.96246e+07	4.26549e+07	6.71657e+07	1.27905e+08	6.97521e+07	7.50825e+07	1009.22	3404.35	5758.45	644222	752054	1.39628e+06	
1984-6-15	66	0	1.11786e+15	7.63053e+14	2.35742e+15	3.91586e+07	4.27477e+07	6.66558e+07	1.28655e+08	6.99459e+07	7.46836e+07	971.443	3273.06	5512.72	646730	760221	1.40695e+06	
1984-7-15	67	0	1.13449e+15	8.64764e+14	2.50661e+15	3.9014e+07	4.27682e+07	6.63743e+07	1.29023e+08	6.98908e+07	7.42432e+07	923.215	3174.06	5317.72	648634	769639	1.41827e+06	
1984-8-15	68	0	1.16607e+15	1.06652e+15	2.92399e+15	3.92845e+07	4.27704e+07	6.62836e+07	1.29169e+08	6.97584e+07	7.39124e+07	889.277	3060.19	5152.73	650244	766196	1.41644e+06	
1984-9-15	69	0	1.16375e+15	1.11016e+15	3.15793e+15	4.01582e+07	4.28165e+07	6.69064e+07	1.29178e+08	6.96221e+07	7.41057e+07	930.363	2948.31	4983.45	651599	761036	1.41263e+06	
1984-10-15	70	0	1.17248e+15	1.05411e+15	3.3417e+15	4.11298e+07	4.27871e+07	6.75661e+07	1.29008e+08	6.927e+07	7.44205e+07	993.731	2957.35	4910.9	652507	751412	1.40392e+06	
1984-11-15	71	0	1.16108e+15	9.39796e+14	3.1365e+15	4.21939e+07	4.27995e+07	6.84395e+07	1.28359e+08	6.89856e+07	7.46165e+07	1040.26	3123	5011.76	652439	743360	1.3958e+06	
1984-12-15	72	0	1.15573e+15	8.78925e+14	2.92794e+15	4.25945e+07	4.28744e+07	6.87849e+07	1.27715e+08	6.86581e+07	7.50207e+07	1081.31	3295.65	5268.04	651561	740510	1.39207e+06	
1985-1-15	73	0	1.174e+15	8.39077e+14	2.85266e+15	4.26789e+07	4.29594e+07	6.91022e+07	1.27418e+08	6.88949e+07	7.57825e+07	1099.89	3432.18	5522.75	651129	738772	1.3899e+06	
1985-2-15	74	0	1.23562e+15	7.72364e+14	2.79824e+15	4.23369e+07	4.30314e+07	6.92087e+07	1.27244e+08	6.92356e+07	7.63776e+07	1098.57	3524.7	5701.72	651567	742873	1.39444e+06	
1985-3-15	75	0	1.17669e+15	7.09014e+14	2.57515e+15	4.1803e+07	4.30932e+07	6.9316e+07	1.27433e+08	6.97297e+07	7.68249e+07	1065.4	3541.47	5794.69	652231	747582	1.39981e+06	
1985-4-15	76	0	1.17862e+15	6.63645e+14	2.43608e+15	4.12222e+07	4.31348e+07	6.91829e+07	1.27823e+08	7.00597e+07	7.70962e+07	1024.3	3477.07	5756.18	652340	753915	1.40626e+06	
1985-5-15	77	0	1.16994e+15	6.6005e+14	2.3533e+15	4.03883e+07	4.324e+07	6.86294e+07	1.28572e+08	7.03793e+07	7.68352e+07	976.821	3345.83	5613.61	652529	761413	1.41394e+06	
1985-6-15	78	0	1.13409e+15	7.45278e+14	2.33561e+15	3.96499e+07	4.32596e+07	6.78592e+07	1.29237e+08	7.04476e+07	7.6257e+07	942.201	3197.48	5390.94	653077	769636	1.42271e+06	
1985-7-15	79	0	1.1563e+15	8.76116e+14	2.55187e+15	3.94025e+07	4.32964e+07	6.74494e+07	1.29634e+08	7.0522e+07	7.56995e+07	887.224	3066.54	5172.91	653576	779051	1.43263e+06	
1985-8-15	80	0	1.21301e+15	1.05173e+15	2.98997e+15	3.9536e+07	4.3292e+07	6.72768e+07	1.29776e+08	7.03752e+07	7.5222e+07	825.016	2941.02	4954.52	654107	775515	1.42962e+06	
1985-9-15	81	0	1.2499e+15	1.10655e+15	3.29759e+15	4.03517e+07	4.33088e+07	6.75799e+07	1.29888e+08	7.02725e+07	7.51442e+07	862.053	2775.66	4735.64	654507	770323	1.42483e+06	
1985-10-15	82	0	1.1917e+15	1.02807e+15	3.32196e+15	4.15592e+07	4.32765e+07	6.8424e+07	1.29702e+08	7.00571e+07	7.55893e+07	921.436	2733.14	4598.99	653959	761169	1.41513e+06	
1985-11-15	83	0	1.18718e+15	9.80901e+14	3.26941e+15	4.24314e+07	4.32691e+07	6.9092e+07	1.29064e+08	6.97046e+07	7.58001e+07	965.126	2888.15	4636.63	652708	753040	1.40575e+06	
1985-12-15	84	0	1.19472e+15	9.23272e+14	3.04752e+15	4.29996e+07	4.33334e+07	6.93958e+07	1.28553e+08	6.93111e+07	7.60291e+07	998.697	3054.16	4878.38	651208	749980	1.40119e+06	
1986-1-15	85	0	1.2366e+15	8.52568e+14	2.93047e+15	4.30873e+07	4.33826e+07	6.95796e+07	1.28272e+08	6.94497e+07	7.64384e+07	1024.15	3174.75	5112.61	650853	747937	1.39879e+06	
1986-2-15	86	0	1.23805e+15	8.05349e+14	2.82918e+15	4.28861e+07	4.34757e+07	6.99343e+07	1.28251e+08	6.99175e+07	7.72978e+07	1031.1	3263.45	5284.75	651622	752160	1.40378e+06	
1986-3-15	87	0	1.22294e+15	7.41683e+14	2.64637e+15	4.23151e+07	4.35088e+07	6.9869e+07	1.28353e+08	7.03429e+07	7.77181e+07	1001.26	3307.95	5389.07	651764	756666	1.40843e+06	
1986-4-15	88	0	1.16897e+15	6.67551e+14	2.42066e+15	4.15882e+07	4.35643e+07	6.95932e+07	1.28903e+08	7.07766e+07	7.77862e+07	984.527	3262.99	5385.2	651845	762474	1.41432e+06	
1986-5-15	89	0	1.16347e+15	6.27731e+14	2.28088e+15	4.07602e+07	4.37331e+07	6.90721e+07	1.29633e+08	7.1206e+07	7.76325e+07	966.483	3174.06	5303.14	652319	769363	1.42168e+06	
1986-6-15	90	0	1.14894e+15	6.88263e+14	2.30644e+15	3.98858e+07	4.37694e+07	6.82112e+07	1.30353e+08	7.13985e+07	7.70026e+07	938.944	3114.64	5176.45	652897	776915	1.42981e+06	
1986-7-15	91	0	1.14555e+15	8.5033e+14	2.49647e+15	3.94214e+07	4.36625e+07	6.74407e+07	1.30913e+08	7.13548e+07	7.62075e+07	898.005	3049.24	5076.96	653325	785841	1.43917e+06	
1986-8-15	92	0	1.17372e+15	9.98518e+14	2.85329e+15	3.95383e+07	4.36547e+07	6.7335e+07	1.31281e+08	7.12783e+07	7.57769e+07	835.992	2954.75	4952.87	653486	782009	1.4355e+06	
1986-9-15	93	0	1.18294e+15	1.09734e+15	3.19378e+15	4.01488e+07	4.35937e+07	6.75261e+07	1.31343e+08	7.10013e+07	7.56541e+07	860.931	2813.16	4769.4	653864	776086	1.42995e+06	
1986-10-15	94	0	1.14184e+15	1.01004e+15	3.24353e+15	4.12924e+07	4.34489e+07	6.8172e+07	1.30952e+08	7.05951e+07	7.59246e+07	929.173	2753.15	4643.82	653907	765441	1.41935e+06	
1986-11-15	95	0	1.09733e+15	9.72061e+14	3.06507e+15	4.20369e+07	4.33567e+07	6.85924e+07	1.30341e+08	7.01425e+07	7.59151e+07	971.071	2896.86	4670.3	653145	755926	1.40907e+06	
1986-12-15	96	0	1.10421e+15	9.05451e+14	2.91647e+15	4.23567e+07	4.33281e+07	6.86897e+07	1.29833e+08	6.98495e+07	7.6075e+07	999.651	3071.83	4893.47	651504	752175	1.40368e+06	
1987-1-15	97	0	1.1131e+15	8.59941e+14	2.82528e+15	4.24065e+07	4.32701e+07	6.86383e+07	1.29514e+08	6.99285e+07	7.6186e+07	1039.1	3181.69	5132.95	650331	749523	1.39985e+06	
1987-2-15	98	0	1.09624e+15	7.8903e+14	2.66589e+15	4.20439e+07	4.31345e+07	6.8573e+07	1.29291e+08	7.00115e+07	7.6582e+07	1058.3	3280.05	5308.85	650112	752402	1.40251e+06	
1987-3-15	99	0	1.07553e+15	7.39021e+14	2.50347e+15	4.1473e+07	4.32203e+07	6.85475e+07	1.29596e+08	7.03995e+07	7.69153e+07	1043.97	3370.99	5451.04	649478	755633	1.40511e+06	
1987-4-15	100	0	1.00998e+15	6.67896e+14	2.2769e+15	4.06377e+07	4.31335e+07	6.82108e+07	1.29832e+08	7.06895e+07	7.68266e+07	1041.44	3377.22	5529.2	648156	760842	1.409e+06	
1987-5-15	101	0	9.57206e+14	6.70392e+14	2.15965e+15	3.96998e+07	4.31896e+07	6.76433e+07	1.30669e+08	7.10471e+07	7.65282e+07	1068.54	3338.55	5528.49	646827	767473	1.4143e+06	
1987-6-15	102	0	9.54545e+14	7.50301e+14	2.16859e+15	3.88935e+07	4.32005e+07	6.67215e+07	1.3124e+08	7.11841e+07	7.57254e+07	1083.23	3370.87	5529.98	645407	775475	1.42088e+06	
1987-7-15	103	0	9.76875e+14	8.76756e+14	2.39287e+15	3.86072e+07	4.3189e+07	6.60015e+07	1.31654e+08	7.11344e+07	7.48693e+07	1064.93	3450.32	5604.46	643600	785086	1.42869e+06	
1987-8-15	104	0	1.03726e+15	1.01931e+15	2.75787e+15	3.88719e+07	4.31252e+07	6.57528e+07	1.31858e+08	7.10443e+07	7.41814e+07	1009.46	3467.2	5691.4	641578	782329	1.42391e+06	
1987-9-15	105	0	1.06328e+15	1.14005e+15	3.14621e+15	3.96496e+07	4.29588e+07	6.5885e+07	1.32073e+08	7.07264e+07	7.39524e+07	1033.35	3381.83	5656.75	639048	778512	1.41756e+06	
1987-10-15	106	0	1.04553e+15	1.05913e+15	3.21618e+15	4.0733e+07	4.28368e+07	6.65049e+07	1.31762e+08	7.02586e+07	7.41031e+07	1082.46	3330.99	5590.22	635411	770811	1.40622e+06	
1987-11-15	107	0	1.04769e+15	9.64231e+14	3.05239e+15	4.16844e+07	4.27387e+07	6.70684e+07	1.31027e+08	6.97262e+07	7.40428e+07	1095.09	3443.8	5599.51	630723	764775	1.3955e+06	
1987-12-15	108	0	1.01721e+15	8.90295e+14	2.82491e+15	4.21019e+07	4.27117e+07	6.73245e+07	1.30215e+08	6.91822e+07	7.4223e+07	1100.75	3539.78	5737.9	625576	764287	1.38986e+06	
