alb regions: 			
140 170 -10 0
140 170 -25 -10
140 170 -50 -25
170 210 -10 0
170 210 -25 -10
170 210 -50 -25
210 230 -25 -5
210 230 -50 -25
juvenile: from age 0 to 0			
young: from age 0 to age54 (see maturity at age)			
Recruit: at age 2			
Adult: from age 54 to age 3			
Total biomass: from age 0 to 151			

year	month	day	alb N Larvae region 1	alb N Larvae region 2	alb N Larvae region 3	alb N Larvae region 4	alb N Larvae region 5	alb N Larvae region 6	alb N Larvae region 7	alb N Larvae region 8	Total N Larvae	alb N Juv. region 1	alb N Juv. region 2	alb N Juv. region 3	alb N Juv. region 4	alb N Juv. region 5	alb N Juv. region 6	alb N Juv. region 7	alb N Juv. region 8	Total N Juv.	alb N Rec. region 1	alb N Rec. region 2	alb N Rec. region 3	alb N Rec. region 4	alb N Rec. region 5	alb N Rec. region 6	alb N Rec. region 7	alb N Rec. region 8	Total N. Rec.	alb B Young region 1	alb B Young region 2	alb B Young region 3	alb B Young region 4	alb B Young region 5	alb B Young region 6	alb B Young region 7	alb B Young region 8	Total B. Young	alb B Adult region 1	alb B Adult region 2	alb B Adult region 3	alb B Adult region 4	alb B Adult region 5	alb B Adult region 6	alb B Adult region 7	alb B Adult region 8	Total B Adult	alb B tot. region 1	alb B tot. region 2	alb B tot. region 3	alb B tot. region 4	alb B tot. region 5	alb B tot. region 6	alb B tot. region 7	alb B tot. region 8	Total B	
1979	1	15	457886	1.45643e+06	551663	208436	3.65838e+06	693358	1.94145e+06	473952	9.44156e+06	1.02949e+06	3.20959e+06	825250	473202	6.99708e+06	1.13891e+06	3.56642e+06	715333	1.79553e+07	1.62027e+06	4.85315e+06	1.32489e+06	769508	9.70915e+06	2.07157e+06	4.97904e+06	1.06154e+06	2.63891e+07	10734.5	36250	102479	8882.89	41092.5	241238	15996.7	46049.7	502723	25428.5	54663.2	62140.7	24229.3	96057.5	128844	39377.3	53874.4	484615	36163	90913.2	164619	33112.2	137150	370082	55373.9	99924.1	987338	
1979	2	15	220886	1.6075e+06	715169	217377	3.45417e+06	1.01592e+06	1.77715e+06	626949	9.63512e+06	874554	2.8142e+06	1.02083e+06	416432	6.74694e+06	1.31098e+06	3.66654e+06	855909	1.77064e+07	1.37105e+06	4.22525e+06	1.57961e+06	663708	9.43425e+06	2.26062e+06	5.18768e+06	1.23054e+06	2.59527e+07	10834.3	36060.5	101446	8897.09	39894.6	239209	16173.4	45423	497938	25290.5	51198.1	70265.1	23823	81702.1	149914	36044.2	56846.1	495083	36124.8	87258.5	171711	32720.1	121597	389123	52217.6	102269	993021	
1979	3	15	233307	1.73473e+06	799358	217614	3.25198e+06	1.12794e+06	1.60937e+06	598911	9.57322e+06	635864	2.84785e+06	1.25656e+06	444645	6.42536e+06	1.71657e+06	3.52284e+06	1.04736e+06	1.7897e+07	1.03466e+06	4.04068e+06	1.88445e+06	680087	8.98528e+06	2.71925e+06	5.10044e+06	1.47029e+06	2.59151e+07	10698.5	35948.1	100552	9296.27	38228.8	237683	15885.7	45146	493439	24388.3	48914	75741.3	22951	72601.9	163222	32393.1	59711.4	499923	35086.8	84862.2	176294	32247.2	110831	400905	48278.8	104857	993362	
1979	4	15	227452	1.72121e+06	915294	210630	2.94016e+06	1.2343e+06	1.47312e+06	573570	9.29574e+06	458692	3.11246e+06	1.48149e+06	454233	6.01169e+06	2.09822e+06	3.20824e+06	1.11258e+06	1.79376e+07	814169	4.19092e+06	2.19859e+06	675679	8.48626e+06	3.17117e+06	4.79059e+06	1.59172e+06	2.59191e+07	10635.9	35458.7	100095	9342	36763.5	236377	15377.6	45275.3	489325	23623.1	47474.7	80038.7	21472.7	66578.1	172660	29417	62310.5	503575	34259.1	82933.3	180134	30814.7	103342	409037	44794.6	107586	992900	
1979	5	15	238340	1.85558e+06	941597	174530	2.83565e+06	1.19824e+06	1.38008e+06	519192	9.14322e+06	422805	3.26417e+06	1.63157e+06	406123	5.53505e+06	2.28837e+06	2.91787e+06	1.05439e+06	1.75204e+07	624955	4.47907e+06	2.47394e+06	640610	7.86677e+06	3.59839e+06	4.37252e+06	1.60534e+06	2.56616e+07	10700.1	34923.9	100106	9144.18	35722.4	235337	14986.3	45595.2	486515	23044.7	46695.6	83469.8	20066.7	62830.9	180379	27183.6	64569.6	508240	33744.8	81619.5	183576	29210.9	98553.3	415715	42169.9	110165	994754	
1979	6	15	267766	1.89917e+06	882873	165811	2.8872e+06	1.07344e+06	1.39874e+06	445470	9.02047e+06	438516	3.36801e+06	1.73706e+06	352723	5.13915e+06	2.36454e+06	2.7398e+06	969209	1.7109e+07	638796	4.71287e+06	2.63358e+06	562165	7.36494e+06	3.69375e+06	4.08608e+06	1.47787e+06	2.517e+07	10623.2	34759.5	99863	8877.46	35192.1	234700	15125.2	45911	485051	22528.6	47066.8	84806.3	19074	60603.7	187926	25945.8	66880	514832	33151.8	81826.3	184669	27951.4	95795.8	422626	41071	112791	999883	
1979	7	15	296476	1.96052e+06	637965	189850	2.92846e+06	857766	1.40543e+06	364945	8.64141e+06	501294	3.51533e+06	1.69486e+06	348021	5.1602e+06	2.1652e+06	2.69802e+06	835713	1.69186e+07	700483	4.85858e+06	2.66071e+06	547227	7.21213e+06	3.5142e+06	3.96873e+06	1.30031e+06	2.47624e+07	10584	34924.5	99703	8813.75	34863.8	233967	15279.3	45888	484023	22386.6	47275.6	86417.3	18748.9	59475.8	193770	25125.1	69293.9	522494	32970.6	82200.1	186120	27562.6	94339.6	427738	40404.4	115182	1.00652e+06	
1979	8	15	307965	2.00662e+06	417983	213623	2.98615e+06	617041	1.37627e+06	288922	8.21458e+06	548531	3.66085e+06	1.38817e+06	404390	5.35424e+06	1.79874e+06	2.71226e+06	715915	1.65831e+07	772972	5.12291e+06	2.36695e+06	602331	7.35928e+06	3.08789e+06	3.92725e+06	1.12462e+06	2.43642e+07	10491.4	35323.3	99788.5	8880.92	34584.3	234064	15398	45734	484264	22441.2	48597.7	81434.7	18353.9	70189.8	176300	25752.2	67027.8	510097	32932.5	83921	181223	27234.8	104774	410364	41150.2	112762	994361	
1979	9	15	315842	2.01545e+06	315815	188055	3.31445e+06	627737	1.46341e+06	314980	8.55573e+06	562422	3.77832e+06	1.00763e+06	442733	5.43056e+06	1.43747e+06	2.66704e+06	604988	1.59312e+07	801447	5.32519e+06	1.91929e+06	660015	7.52241e+06	2.61315e+06	3.89502e+06	971532	2.3708e+07	10272.7	35285.5	100290	8751.85	35478.8	234148	15464.2	45530.4	485222	22462.7	52488.9	75213.7	17437.8	88166.2	155544	31205	61815.7	504334	32735.4	87774.4	175504	26189.7	123645	389692	46669.2	107346	989556	
1979	10	15	302131	1.98894e+06	259547	186278	3.62183e+06	655703	1.73483e+06	337810	9.08708e+06	589117	3.81176e+06	738019	465236	5.77434e+06	1.30806e+06	2.67986e+06	577732	1.59441e+07	834812	5.46073e+06	1.44586e+06	746857	7.92493e+06	2.30464e+06	3.87546e+06	906282	2.34996e+07	10003.1	35429.6	100588	8961.43	36693.5	233486	15388.2	45344.1	485894	22622	55889.6	69023.4	18485.8	100657	138411	37388.9	55169.1	497647	32625.1	91319.2	169611	27447.2	137351	371897	52777	100513	983541	
1979	11	15	235853	1.87144e+06	295274	141659	3.58779e+06	753946	1.89098e+06	361219	9.13816e+06	583032	3.77118e+06	608123	388472	6.33183e+06	1.40624e+06	3.0081e+06	624140	1.67211e+07	836922	5.45225e+06	1.1492e+06	653201	8.51507e+06	2.25005e+06	4.12895e+06	904133	2.38898e+07	9701.5	35768.7	100571	8804.86	37685.7	232317	15528.4	45137.3	485514	22866	57849	64512	19635.1	107932	126755	41458.6	50670	491678	32567.5	93617.7	165083	28440	145618	359072	56987	95807.2	977192	
1979	12	15	233094	1.69721e+06	405736	116877	3.5275e+06	780890	1.92919e+06	408246	9.09875e+06	512855	3.60874e+06	605568	329162	6.56528e+06	1.5206e+06	3.39754e+06	686530	1.72263e+07	777665	5.25856e+06	1.07623e+06	557953	8.91219e+06	2.49352e+06	4.57369e+06	999386	2.46492e+07	9371.47	36230.9	100333	8885.03	38299.9	230856	15680.7	45153.2	484811	23439.4	58161.6	61984.3	20522.6	110458	121906	42714.8	49843.6	489031	32810.9	94392.5	162317	29407.6	148758	352762	58395.5	94996.8	973841	
1980	1	15	236111	1.56239e+06	560594	112407	3.49294e+06	929509	1.93353e+06	460880	9.28835e+06	454179	3.299e+06	753384	285363	6.45472e+06	1.64184e+06	3.58806e+06	762550	1.72391e+07	708327	4.88352e+06	1.19949e+06	493571	8.95936e+06	2.72142e+06	4.96541e+06	1.12744e+06	2.50585e+07	9300.95	36664.6	99872.2	9173.37	38281.8	229735	15777.5	45394.6	484200	23725.1	55392.1	63480.5	22588.2	98417.3	130894	38573.8	53155.5	486226	33026	92056.7	163353	31761.6	136699	360629	54351.3	98550.1	970426	
1980	2	15	258114	1.47197e+06	708342	126827	3.29751e+06	1.1307e+06	1.73178e+06	534564	9.25981e+06	468338	2.96868e+06	1.00417e+06	274085	6.37473e+06	1.78489e+06	3.61358e+06	842313	1.73308e+07	685803	4.41279e+06	1.48955e+06	454966	8.84487e+06	2.94409e+06	5.10053e+06	1.24842e+06	2.5181e+07	9256.66	37069.1	99524.2	9475.42	38046.8	228245	15610.9	45600	482828	22994	51689.7	70518.1	22960.7	85240.9	147176	35016.7	56445.4	492041	32250.7	88758.8	170042	32436.1	123288	375421	50627.6	102045	974870	
1980	3	15	248263	1.50403e+06	814587	152203	3.10689e+06	1.2176e+06	1.54727e+06	489330	9.08016e+06	492040	2.77798e+06	1.28956e+06	300812	6.15114e+06	2.04064e+06	3.39634e+06	956496	1.7405e+07	706994	4.04475e+06	1.87645e+06	468228	8.56416e+06	3.21527e+06	4.89412e+06	1.40735e+06	2.51773e+07	9185.92	37038.1	99681.7	9884.32	37035.7	227329	15240.1	45962.5	481357	22010.6	49251.6	75621.9	22365.6	76076.3	157731	31469.1	59227.2	493753	31196.5	86289.7	175304	32249.9	113112	385060	46709.2	105190	975111	
1980	4	15	229427	1.6387e+06	877236	138937	2.92245e+06	1.32181e+06	1.45238e+06	482327	9.06327e+06	494802	2.8019e+06	1.49666e+06	281034	5.72054e+06	2.31552e+06	3.03603e+06	940599	1.70871e+07	719268	3.96152e+06	2.21108e+06	431130	8.10264e+06	3.58164e+06	4.51872e+06	1.42442e+06	2.49504e+07	9454.44	36184.7	100332	9522.46	36075	227451	14836.3	46339	480195	21390.9	47646.9	79735.8	20772.2	69659.9	165685	28459.1	61343.2	494693	30845.4	83831.6	180068	30294.6	105735	393137	43295.3	107682	974888	
1980	5	15	284303	1.84346e+06	907405	98931	2.99983e+06	1.2455e+06	1.35322e+06	465255	9.19791e+06	475017	2.95726e+06	1.65087e+06	254948	5.33285e+06	2.48326e+06	2.78143e+06	885252	1.68209e+07	700099	4.09007e+06	2.4758e+06	393324	7.56691e+06	3.86643e+06	4.13401e+06	1.39694e+06	2.46236e+07	9796.1	35163.1	101148	9124.94	34738.5	228659	14595.6	47222.5	480447	21059.8	46538.9	82926.1	19314.4	64876.1	173201	26031.9	63522.4	497471	30855.9	81702	184074	28439.4	99614.6	401860	40627.5	110745	977918	
1980	6	15	310756	1.93986e+06	836744	107572	3.23413e+06	1.04294e+06	1.33579e+06	393010	9.20081e+06	511015	3.29894e+06	1.69656e+06	223341	5.31083e+06	2.40595e+06	2.64965e+06	826102	1.69224e+07	731164	4.47523e+06	2.59843e+06	360190	7.42905e+06	3.80293e+06	3.89322e+06	1.26496e+06	2.45552e+07	9950.57	34518.1	101525	8895.74	33850.4	229459	14561.7	47804.7	480565	20878.6	46476	84386.3	18635.4	61325.2	180398	24640.6	65763.3	502503	30829.2	80994.1	185912	27531.2	95175.6	409857	39202.4	113568	983068	
1980	7	15	336359	2.04059e+06	627675	160034	3.32017e+06	820845	1.3085e+06	319011	8.93318e+06	585402	3.62761e+06	1.6048e+06	223962	5.65504e+06	2.09392e+06	2.58328e+06	737923	1.71119e+07	797743	4.91045e+06	2.5448e+06	365466	7.70367e+06	3.47859e+06	3.79032e+06	1.14921e+06	2.47402e+07	10003.4	34263.1	101787	8941.41	33332.6	229992	14934.2	48163.7	481418	20932.5	46309.7	86180.6	18513.5	58889.4	186156	24289.1	68310.7	509581	30935.9	80572.7	187968	27454.9	92221.9	416148	39223.3	116474	990999	
1980	8	15	337827	2.08163e+06	386875	211210	3.1713e+06	684263	1.3069e+06	251085	8.43109e+06	619676	3.80899e+06	1.39396e+06	307415	5.84168e+06	1.8235e+06	2.57341e+06	632823	1.70015e+07	876328	5.28656e+06	2.35882e+06	439356	7.92635e+06	3.15842e+06	3.73753e+06	1.01504e+06	2.47984e+07	9873.32	34041.3	102389	9054.7	32771.8	231618	15479.4	48390.9	483619	21105.2	48034.9	80758.1	18098.8	68404.6	170382	25840.8	65992.7	498617	30978.5	82076.3	183147	27153.5	101176	402000	41320.1	114384	982236	
1980	9	15	352397	2.05513e+06	288744	260459	3.4276e+06	635077	1.44498e+06	289500	8.75389e+06	635369	3.9482e+06	1.0041e+06	489168	5.8036e+06	1.53589e+06	2.54161e+06	523368	1.64813e+07	908174	5.52916e+06	1.92215e+06	689288	7.99387e+06	2.80895e+06	3.71082e+06	861095	2.44235e+07	9707.87	34263	102407	9489.91	33232.3	232757	15780.2	48396.4	486034	21237.6	51964.9	73833.5	17572.1	87055.7	149919	31203.6	60224.5	493011	30945.5	86227.9	176241	27062	120288	382676	46983.8	108621	979045	
1980	10	15	327827	2.04126e+06	258778	239910	3.77302e+06	614458	1.72771e+06	336985	9.31996e+06	649394	3.96838e+06	703668	586528	5.95635e+06	1.37256e+06	2.63238e+06	518191	1.63875e+07	930200	5.65304e+06	1.4608e+06	892548	8.19538e+06	2.51655e+06	3.79972e+06	811771	2.426e+07	9467.84	34758.8	102383	9507.53	33498.7	233567	16483.4	48275.1	487942	21722	54972.1	67540.4	18305.5	100242	132902	36660.6	53819.5	486164	31189.9	89730.9	169924	27813	133741	366469	53143.9	102095	974106	
1980	11	15	290127	1.90647e+06	322574	176824	3.84083e+06	638607	1.8184e+06	351189	9.34502e+06	631513	3.92414e+06	593104	552013	6.52769e+06	1.30411e+06	3.00731e+06	620073	1.716e+07	908538	5.65132e+06	1.15017e+06	894572	8.66103e+06	2.3401e+06	4.132e+06	871788	2.46095e+07	9189.41	35262.4	102303	9625.36	33576.6	233748	17016.5	48209.1	488931	22316.3	56402.1	62992.1	19523.8	107828	121432	40128.6	49578.3	480201	31505.7	91664.5	165295	29149.1	141405	355180	57145.1	97787.4	969132	
1980	12	15	248660	1.7111e+06	424428	150135	3.74874e+06	730710	1.85684e+06	387474	9.25809e+06	577224	3.75163e+06	644012	462133	6.90291e+06	1.30256e+06	3.37787e+06	673626	1.7692e+07	865389	5.43744e+06	1.13326e+06	787405	9.16189e+06	2.37935e+06	4.59766e+06	970118	2.53325e+07	9122.07	35776.1	101994	9761.93	34013.3	233246	17166.7	47909.2	488989	23145.7	56688.7	60199.5	20458.9	110544	116553	41167.3	48833.8	477591	32267.8	92464.8	162194	30220.8	144557	349799	58334	96743	966580	
1981	1	15	258502	1.61247e+06	523851	162901	3.63632e+06	863899	1.83565e+06	478701	9.37229e+06	513276	3.381e+06	798981	403818	6.82237e+06	1.48383e+06	3.48261e+06	747492	1.76334e+07	788456	5.02025e+06	1.26879e+06	697052	9.29067e+06	2.60791e+06	4.91577e+06	1.11296e+06	2.57019e+07	9225.3	36367.1	101670	10109.3	34427.2	232918	17316.2	47628.5	489661	23648.5	54004.2	61661.2	23008.2	96585.9	126567	38098.3	52031.4	475605	32873.8	90371.3	163331	33117.4	131013	359485	55414.6	99659.9	965266	
1981	2	15	241258	1.52646e+06	678710	204561	3.34603e+06	1.04856e+06	1.71306e+06	556899	9.31554e+06	506950	3.03352e+06	989778	408973	6.61292e+06	1.70094e+06	3.4815e+06	885811	1.76204e+07	761476	4.49896e+06	1.52257e+06	675756	9.11905e+06	2.87302e+06	4.97193e+06	1.28642e+06	2.57092e+07	9483.69	36795.1	101351	10747.9	35027.7	232365	16809.5	47775.5	490355	23194.9	50944.6	68570.3	23766.1	82121.2	144258	34813.2	55617.5	483286	32678.6	87739.7	169921	34514	117149	376623	51622.7	103393	973641	
1981	3	15	208159	1.56668e+06	808837	179532	3.1168e+06	1.18697e+06	1.63196e+06	532370	9.2313e+06	492109	2.88829e+06	1.22217e+06	390416	6.18047e+06	1.99056e+06	3.37533e+06	989060	1.75284e+07	720824	4.16166e+06	1.83178e+06	595576	8.59901e+06	3.23308e+06	4.8912e+06	1.43032e+06	2.54635e+07	9969.83	37184.2	101164	10364.7	34796.5	232512	16403.8	47959	490355	22792.3	48715.8	73165.7	22493.5	72926	155328	31515.7	58764	485701	32762.2	85900	174330	32858.2	107722	387841	47919.6	106723	976056	
1981	4	15	196920	1.71899e+06	901468	145157	3.20789e+06	1.25983e+06	1.46189e+06	520446	9.41259e+06	437370	2.89337e+06	1.47052e+06	352051	5.7696e+06	2.21395e+06	3.16929e+06	1.01791e+06	1.73241e+07	678276	4.082e+06	2.16529e+06	541462	8.1366e+06	3.49731e+06	4.67404e+06	1.51915e+06	2.52941e+07	10720.9	36871.2	101732	10090.6	34141.3	233021	16026.6	48360.6	490964	22388.9	47002.8	76884.5	21050.6	66095.1	163693	28794.4	61282.8	487192	33109.8	83874	178616	31141.2	100236	396714	44821	109643	978156	
1981	5	15	193579	1.76553e+06	921707	139533	3.17709e+06	1.21201e+06	1.3929e+06	486696	9.28904e+06	375589	3.10233e+06	1.65942e+06	312555	5.69194e+06	2.33804e+06	2.93362e+06	951579	1.73651e+07	588788	4.25733e+06	2.4763e+06	492813	7.91043e+06	3.69452e+06	4.35913e+06	1.46481e+06	2.52441e+07	11306	35988.9	103026	9817.67	33562.7	233481	15786.5	48604.7	491573	21887	46029	80102.1	19531.3	61500.1	169848	26786.9	63419.5	489105	33193.1	82017.9	183128	29348.9	95062.9	403329	42573.4	112024	980678	
1981	6	15	207838	1.9142e+06	838835	160090	3.13882e+06	1.02753e+06	1.35342e+06	411575	9.0523e+06	359201	3.334e+06	1.69517e+06	301844	5.75337e+06	2.32745e+06	2.71104e+06	912198	1.73943e+07	539281	4.5505e+06	2.59646e+06	481552	7.89535e+06	3.69231e+06	4.07645e+06	1.38889e+06	2.52208e+07	11448	35741.6	103616	9708.47	33114.1	234618	15913.1	48860.5	493019	21439.7	46464.8	81034.7	18698.4	58510.7	176068	25625.6	65759.7	493601	32887.7	82206.3	184650	28406.9	91624.8	410685	41538.7	114620	986620	
1981	7	15	192474	1.90887e+06	594018	223102	3.05749e+06	833544	1.36999e+06	336824	8.51631e+06	367638	3.52522e+06	1.62602e+06	328124	5.70134e+06	2.1044e+06	2.63444e+06	807064	1.70943e+07	537480	4.87852e+06	2.59512e+06	499269	7.9401e+06	3.48265e+06	3.882e+06	1.25038e+06	2.50655e+07	11464.3	35649.2	104320	9598.97	33189.3	235258	16336.2	48888.9	494705	21207.9	46171.5	82896.9	18325.7	56997.8	180677	24963.1	68012.7	499253	32672.2	81820.7	187217	27924.7	90187.1	415935	41299.2	116902	993958	
1981	8	15	202550	1.90354e+06	349472	275821	3.09388e+06	617366	1.38108e+06	272956	8.09667e+06	375864	3.66242e+06	1.29706e+06	467371	5.67969e+06	1.74179e+06	2.63341e+06	661041	1.65186e+07	546117	5.08009e+06	2.26024e+06	663711	7.89929e+06	3.08521e+06	3.8408e+06	1.06399e+06	2.44394e+07	11411.1	36644.8	104086	9928.91	34058	236201	16483.1	48908.5	497722	21109.2	47411.1	77756	18049.1	66958.6	164975	25786.5	65650.3	487696	32520.4	84055.9	181842	27978	101017	401176	42269.6	114559	985417	
1981	9	15	194823	1.87389e+06	296922	266421	3.35993e+06	649201	1.54436e+06	313348	8.49889e+06	369037	3.60888e+06	925119	596738	5.64147e+06	1.41706e+06	2.69151e+06	548412	1.57982e+07	549477	5.1863e+06	1.8086e+06	856501	7.84438e+06	2.62313e+06	3.90692e+06	890547	2.36659e+07	11465.5	37115.7	104399	10155.9	34896.1	237363	16909.2	48827.6	501132	21497	50563.3	71107.1	17469.6	84664.4	145581	31040.8	59991.3	481915	32962.5	87679	175506	27625.5	119560	382945	47950	108819	983047	
1981	10	15	185488	1.77717e+06	265168	254561	3.59615e+06	638431	1.7539e+06	359702	8.83057e+06	368222	3.54441e+06	718313	652892	5.87053e+06	1.32719e+06	2.8267e+06	546942	1.58552e+07	534114	5.12062e+06	1.41677e+06	1.03825e+06	8.05969e+06	2.36324e+06	4.05815e+06	841153	2.3432e+07	11513.9	37275.5	104611	10557	36298.4	238017	17069.9	48514.9	503857	22076.9	52797	65045.6	18545	96792.6	129651	36472.8	53679.6	475060	33590.8	90072.5	169656	29101.9	133091	367668	53542.7	102194	978918	
1981	11	15	159823	1.61183e+06	285821	211456	3.58924e+06	654192	1.85308e+06	407133	8.77257e+06	353300	3.41971e+06	619454	600363	6.34575e+06	1.36265e+06	3.13711e+06	649964	1.64883e+07	523347	4.98427e+06	1.1403e+06	996156	8.55697e+06	2.24236e+06	4.34563e+06	911121	2.37002e+07	11294	37791.7	104358	10898.2	37749.8	237426	17326	48340.2	505183	22579	53909.3	60807.9	19879.4	103505	119085	39827.1	49697.1	469289	33873.1	91700.9	165166	30777.5	141255	356510	57153.1	98037.3	974473	
1981	12	15	148902	1.40647e+06	358390	186423	3.43569e+06	760205	1.88474e+06	459603	8.64043e+06	327390	3.13785e+06	614006	531278	6.49531e+06	1.42368e+06	3.4471e+06	746294	1.67229e+07	493272	4.64476e+06	1.09288e+06	899872	8.82605e+06	2.44483e+06	4.7546e+06	1.05643e+06	2.42127e+07	11014.2	38497.2	103594	11376.9	38305.8	236998	17872.1	48015.8	505674	23048.5	54187	58510.1	21073.2	105902	114995	40824.5	49055.9	467596	34062.7	92684.2	162104	32450.1	144207	351993	58696.6	97071.7	973269	
1982	1	15	139290	1.26051e+06	493324	164541	3.3434e+06	918640	1.89376e+06	527248	8.74071e+06	306194	2.75773e+06	707289	439248	6.35656e+06	1.5068e+06	3.59635e+06	838635	1.65088e+07	474463	4.14391e+06	1.16588e+06	749395	8.80199e+06	2.58775e+06	5.06645e+06	1.21763e+06	2.42075e+07	10956.8	39479	102659	11542.6	39342.3	235829	18059.6	47977.4	505846	23331.7	51804.8	60111.5	23148.8	93965.4	124376	37817.6	52018.9	466574	34288.5	91283.9	162770	34691.3	133308	360205	55877.2	99996.3	972420	
1982	2	15	152374	1.22596e+06	659874	174588	3.07774e+06	1.14046e+06	1.71564e+06	608895	8.75552e+06	290160	2.42615e+06	894926	400310	6.10597e+06	1.73985e+06	3.63046e+06	954768	1.64426e+07	444177	3.65217e+06	1.35887e+06	670842	8.52675e+06	2.84401e+06	5.19131e+06	1.38556e+06	2.40737e+07	11030.1	40320	101984	11932	40474.9	234589	18109.7	47944.8	506384	23010.9	48640.1	66765.9	23686.2	81811.9	140490	35439.5	54820	474665	34041	88960.1	168750	35618.2	122287	375079	53549.1	102765	981049	
1982	3	15	135058	1.30051e+06	742387	157693	2.80411e+06	1.17086e+06	1.55021e+06	567434	8.42826e+06	285541	2.25387e+06	1.17408e+06	361773	5.79183e+06	2.05385e+06	3.44975e+06	1.07819e+06	1.64489e+07	428254	3.28714e+06	1.69797e+06	582781	8.11311e+06	3.20649e+06	5.02168e+06	1.55841e+06	2.38958e+07	11192.8	40249.9	102064	11727.4	40566.7	234209	17965.7	48031	506006	22228.7	47075.6	71135.7	22517.7	73616.9	150634	32873.3	57257.4	477340	33421.5	87325.5	173200	34245.1	114184	384843	50839	105288	983346	
1982	4	15	141710	1.37464e+06	822297	127838	2.71036e+06	1.17774e+06	1.40205e+06	556020	8.31265e+06	283890	2.30853e+06	1.38252e+06	308822	5.302e+06	2.22485e+06	3.1287e+06	1.08345e+06	1.60228e+07	414936	3.22548e+06	2.01369e+06	494090	7.53675e+06	3.48911e+06	4.70559e+06	1.60901e+06	2.34887e+07	11654.8	40430.2	102091	11201.1	39903.3	234293	17873.1	48091.4	505538	21860.1	45559.9	75010.3	20777.7	68016.2	157796	30613.9	59137.4	478772	33514.9	85990.1	177101	31978.9	107920	392089	48487	107229	984310	
1982	5	15	151496	1.53915e+06	852449	99338.4	2.58424e+06	1.12759e+06	1.31399e+06	513172	8.18143e+06	264513	2.48103e+06	1.51861e+06	260323	4.93791e+06	2.24618e+06	2.82287e+06	1.00868e+06	1.55401e+07	397778	3.37692e+06	2.28666e+06	427602	7.0219e+06	3.60868e+06	4.27769e+06	1.55608e+06	2.29533e+07	11890.9	40130.9	102790	10648.1	39077.8	235130	17840	48475.7	505983	21094.6	45219.1	77860.4	19225.1	64285.2	164232	28467.4	61160.9	481545	32985.6	85350	180650	29873.2	103363	399362	46307.4	109637	987528	
1982	6	15	179526	1.7061e+06	792287	95604.5	2.68689e+06	956142	1.28509e+06	423161	8.12481e+06	282101	2.7377e+06	1.5646e+06	222370	4.78939e+06	2.16094e+06	2.62755e+06	920131	1.53048e+07	406355	3.72022e+06	2.37916e+06	371202	6.72082e+06	3.4658e+06	3.95793e+06	1.39889e+06	2.24204e+07	11907.2	40539.9	102547	10168.5	38814	236513	17927.6	48559.3	506977	20438.8	45694.2	78847.1	18355.4	62185.9	170942	26614.2	63227	486304	32346	86234.1	181394	28524	101000	407455	44541.9	111786	993281	
1982	7	15	193125	1.81699e+06	543967	125252	2.70216e+06	773394	1.25538e+06	345545	7.75581e+06	331702	3.05072e+06	1.51048e+06	202483	4.77297e+06	1.98455e+06	2.52636e+06	807751	1.5187e+07	459592	4.14247e+06	2.34411e+06	334309	6.66451e+06	3.26141e+06	3.75169e+06	1.24608e+06	2.22042e+07	11755	41198.5	102583	9678.14	39614.3	237178	18005.9	48525.3	508538	20661	44418.2	81254.1	17961.5	61511.3	176619	24951	65592.6	492968	32415.9	85616.6	183837	27639.6	101126	413797	42957	114118	1.00151e+06	
1982	8	15	221480	1.81202e+06	358132	112839	2.6422e+06	643441	1.2403e+06	249416	7.27983e+06	370091	3.24945e+06	1.33167e+06	238943	4.7708e+06	1.75564e+06	2.48033e+06	680547	1.48775e+07	516462	4.48261e+06	2.20726e+06	352270	6.54043e+06	3.00382e+06	3.66907e+06	1.07937e+06	2.18513e+07	11952.7	40326.4	103891	9427.21	40366	238271	18303.2	48371.4	510909	21477.8	43937.8	76796	17803.1	70151.5	161989	25431.6	64219.6	481807	33430.5	84264.1	180687	27230.3	110517	400260	43734.8	112591	992716	
1982	9	15	273497	1.7598e+06	223764	96349	3.07332e+06	596259	1.30618e+06	273854	7.60302e+06	421972	3.35591e+06	921530	242874	4.79839e+06	1.48228e+06	2.41406e+06	535661	1.41727e+07	590840	4.76993e+06	1.74627e+06	357149	6.61833e+06	2.63513e+06	3.58546e+06	878076	2.11812e+07	12067.4	40047.2	104358	9131.47	41018.2	239570	18363.4	48025.9	512582	21417.3	47787.5	70151.5	17415	86628.4	142572	30942.3	59151.3	476065	33484.7	87834.7	174509	26546.5	127647	382142	49305.7	107177	988647	
1982	10	15	307570	1.80484e+06	176828	85221.3	3.54596e+06	480911	1.51215e+06	268574	8.18206e+06	496678	3.33818e+06	608223	197324	5.25816e+06	1.27272e+06	2.42923e+06	486646	1.40872e+07	674967	4.83053e+06	1.25828e+06	323974	7.09551e+06	2.32281e+06	3.56204e+06	780907	2.0849e+07	11535.6	40897.6	104261	8591.6	41448	240270	18658.4	47565.6	513227	21788.2	50522.7	64241.1	18166.9	98349.4	126695	36694	52679.6	469137	33323.8	91420.3	168502	26758.5	139797	366965	55352.4	100245	982364	
1982	11	15	330386	1.73671e+06	207165	85573	3.51603e+06	555023	1.62715e+06	290751	8.34878e+06	567290	3.36014e+06	478068	174938	5.94361e+06	1.23593e+06	2.62958e+06	531823	1.49214e+07	771152	4.81597e+06	988652	271480	7.7839e+06	2.18917e+06	3.68306e+06	766572	2.127e+07	10990.6	40992.5	104369	7927.71	42217.6	240108	18815	47253.2	512674	22358.2	52577.9	59750.4	19282.8	104733	116496	40229.9	48615.4	464044	33348.8	93570.4	164119	27210.5	146951	356604	59044.9	95868.7	976718	
1982	12	15	366873	1.70275e+06	267348	106125	3.52507e+06	578074	1.69715e+06	319795	8.56318e+06	624775	3.33838e+06	450439	154624	6.35309e+06	1.20588e+06	2.90489e+06	565555	1.55976e+07	864531	4.73146e+06	875663	243558	8.38951e+06	2.26421e+06	3.96715e+06	838897	2.2175e+07	10684	40546.6	104239	7678.46	42303.6	239201	18770.2	47252	510675	23192.9	53510.1	57250.7	19944	106907	112388	41223.8	48289.6	462706	33876.9	94056.6	161490	27622.4	149210	351589	59994	95541.6	973380	
1983	1	15	447625	1.58859e+06	399376	207852	3.53424e+06	687292	1.72736e+06	381325	8.97366e+06	705909	3.2043e+06	551298	196013	6.32625e+06	1.25941e+06	3.07941e+06	605535	1.59281e+07	986119	4.61002e+06	960262	281511	8.55069e+06	2.39108e+06	4.25983e+06	911734	2.29513e+07	10621.8	40054	104091	7703.05	42132.7	238268	18043.1	47408.4	508323	23953.8	51764.6	59268.4	21833.3	93625.5	122840	37239.1	51886.7	462411	34575.7	91818.6	163360	29536.3	135758	361108	55282.2	99295.1	970734	
1983	2	15	519652	1.54662e+06	562256	374831	3.36627e+06	869830	1.60344e+06	458661	9.30156e+06	833816	3.05093e+06	745290	336272	6.30208e+06	1.37165e+06	3.13986e+06	713306	1.64932e+07	1.14685e+06	4.36096e+06	1.1846e+06	430070	8.51123e+06	2.54285e+06	4.38997e+06	1.06523e+06	2.36318e+07	10701.2	39456.5	103922	7623.49	41924.5	237450	16996.3	47440	505513	23853.5	48635	67941.2	21631.6	79479.2	141089	33069.1	54829.6	470528	34554.7	88091.5	171863	29255.1	121404	378539	50065.4	102270	976041	
1983	3	15	584271	1.65684e+06	691367	530207	3.28803e+06	962363	1.53794e+06	449160	9.70017e+06	963401	2.9219e+06	1.02224e+06	589818	6.14805e+06	1.64325e+06	2.98933e+06	849233	1.71272e+07	1.32593e+06	4.18311e+06	1.52762e+06	730109	8.35084e+06	2.80736e+06	4.25307e+06	1.24598e+06	2.4424e+07	10881.2	38565.3	103984	7566.85	40780.8	237971	16107.3	47938.3	503795	23473.7	46989.2	73635.6	20377.4	70673.7	153224	29521.2	57682.5	475577	34354.9	85554.5	177620	27944.3	111455	391195	45628.6	105621	979372	
1983	4	15	592926	1.8026e+06	804563	615867	3.40927e+06	1.03755e+06	1.56989e+06	449636	1.02823e+07	1.07592e+06	3.04612e+06	1.26245e+06	849820	5.98283e+06	1.84845e+06	2.80309e+06	883373	1.7752e+07	1.4938e+06	4.23839e+06	1.86164e+06	1.07042e+06	8.23924e+06	3.06925e+06	4.06375e+06	1.34076e+06	2.53772e+07	11155	37831.7	103760	7537	39144.8	239206	15196	48922.6	502754	23138.7	45879.9	77965.1	19178	64472.6	162368	26292.8	60408.1	479703	34293.8	83711.6	181725	26715	103617	401574	41488.8	109331	982457	
1983	5	15	644429	1.88151e+06	883622	742439	3.59476e+06	1.05879e+06	1.69783e+06	395444	1.08988e+07	1.16722e+06	3.31353e+06	1.48322e+06	1.01693e+06	6.07742e+06	1.9364e+06	2.78182e+06	846786	1.86233e+07	1.6298e+06	4.49359e+06	2.22335e+06	1.35366e+06	8.28161e+06	3.23213e+06	3.96159e+06	1.32844e+06	2.65042e+07	11434.5	36576.9	104110	7548.89	37669.6	240854	14432.7	50247	502874	22889.5	45136.5	81163.4	18142.9	60005.1	170353	23559.2	63282	484532	34324.1	81713.4	185274	25691.7	97674.7	411207	37991.9	113529	987406	
1983	6	15	726554	2.07908e+06	848473	898883	3.70777e+06	953754	1.81702e+06	334488	1.1366e+07	1.24963e+06	3.60117e+06	1.60546e+06	1.18955e+06	6.45947e+06	1.96369e+06	2.95199e+06	742662	1.97636e+07	1.76655e+06	4.93298e+06	2.4349e+06	1.63498e+06	8.72165e+06	3.21554e+06	4.10816e+06	1.1636e+06	2.79784e+07	11520.4	36282	103879	7562.03	36736.3	242379	13811.3	51139.4	503309	22456.7	45691.3	82332.1	17310.7	57042.7	177458	21457.2	65965.6	489714	33977.1	81973.3	186211	24872.7	93779.1	419836	35268.6	117105	993023	
1983	7	15	883173	2.30332e+06	661267	913081	3.65273e+06	784710	1.75076e+06	289555	1.12386e+07	1.3709e+06	3.91561e+06	1.61068e+06	1.46132e+06	6.78779e+06	1.88113e+06	3.23052e+06	662343	2.09203e+07	1.90153e+06	5.41325e+06	2.52759e+06	1.95345e+06	9.22825e+06	3.13262e+06	4.43325e+06	1.05797e+06	2.96479e+07	11508.3	35823.6	103666	7615.31	36349.3	243741	13399.2	52006.3	504109	22381.5	45979.2	83539	16978.8	55243.9	183074	20151.2	68489.1	495837	33889.9	81802.8	187205	24594.1	91593.2	426815	33550.4	120495	999946	
1983	8	15	983846	2.34386e+06	426013	954980	3.59517e+06	607877	1.63988e+06	227221	1.07788e+07	1.55957e+06	4.30597e+06	1.43191e+06	1.74232e+06	6.84934e+06	1.67949e+06	3.33492e+06	572805	2.14763e+07	2.13054e+06	5.91789e+06	2.388e+06	2.36854e+06	9.48584e+06	2.96455e+06	4.67606e+06	919921	3.08513e+07	11401.8	35817.8	103394	7891.63	36231.3	245415	13172.7	52325	505649	22796.4	47391.4	78001.8	16741.6	65129.4	166245	21773.4	66466.4	484546	34198.2	83209.1	181395	24633.2	101361	411661	34946.1	118791	990195	
1983	9	15	990583	2.27531e+06	355581	909451	3.91239e+06	550861	1.66329e+06	311551	1.0969e+07	1.76723e+06	4.5389e+06	1.08937e+06	1.87164e+06	6.79257e+06	1.39047e+06	3.16209e+06	489864	2.11021e+07	2.41316e+06	6.36499e+06	1.98724e+06	2.6753e+06	9.53858e+06	2.65159e+06	4.68106e+06	804189	3.11161e+07	11408.5	35528.7	103055	8197.75	36602.3	246734	13115.6	52446.7	507088	23301	50639.7	71499.5	16265.8	83439.9	145268	28697.4	60737.6	479849	34709.6	86168.5	174555	24463.5	120042	392002	41813	113184	986938	
1983	10	15	907335	2.09588e+06	342300	781891	4.17067e+06	514984	1.883e+06	350848	1.10469e+07	1.87138e+06	4.49876e+06	833296	1.94746e+06	6.94875e+06	1.19898e+06	3.05303e+06	542340	2.0894e+07	2.62392e+06	6.50675e+06	1.6115e+06	2.88942e+06	9.6097e+06	2.36888e+06	4.51745e+06	830296	3.09579e+07	11423	35942.3	101949	8772.98	36901.6	247870	13340.1	52246.4	508446	23795.1	53031.8	65897.1	17640.7	95838.9	128749	35167	54358.1	474477	35218.1	88974.1	167846	26413.7	132740	376619	48507.1	106605	982923	
1983	11	15	763157	1.85694e+06	420308	610987	4.15934e+06	530242	1.95831e+06	389731	1.0689e+07	1.80865e+06	4.25782e+06	768696	1.7261e+06	7.38214e+06	1.11673e+06	3.26803e+06	672817	2.1001e+07	2.62625e+06	6.30699e+06	1.37216e+06	2.72689e+06	9.92519e+06	2.14722e+06	4.59392e+06	923880	3.06225e+07	11441.3	36071.8	101108	9150.8	36656.2	248565	14057.3	51947.2	508998	24376.5	54396.7	61837.3	19198	103133	117615	39335.6	50102.1	469994	35817.8	90468.6	162945	28348.8	139789	366181	53392.8	102049	978992	
1983	12	15	630717	1.66734e+06	518313	511774	4.05726e+06	612692	1.93171e+06	413608	1.03434e+07	1.57128e+06	3.81111e+06	824196	1.41162e+06	7.56776e+06	1.11296e+06	3.56299e+06	726375	2.05883e+07	2.38806e+06	5.79489e+06	1.36821e+06	2.34641e+06	1.02089e+07	2.17176e+06	4.8919e+06	1.05597e+06	3.02261e+07	11425.1	36471	100032	9726.3	36788.7	248332	14733	51641.7	509150	25052.8	55165	59421.8	20197.3	105583	112922	40808	49385.7	468536	36477.9	91636.1	159454	29923.6	142372	361255	55541	101027	977686	
1984	1	15	554901	1.62643e+06	601705	426520	3.90433e+06	695945	1.83414e+06	482898	1.01269e+07	1.32502e+06	3.39025e+06	975474	1.11208e+06	7.48386e+06	1.18316e+06	3.63206e+06	771423	1.98733e+07	2.07245e+06	5.17433e+06	1.52197e+06	1.86305e+06	1.02626e+07	2.25742e+06	5.11699e+06	1.14876e+06	2.94175e+07	11531.6	37169.4	98781.2	10580.4	37575.3	247431	15059.9	51307.8	509436	25602.3	53611.5	60462.6	22147.2	92442.4	123482	37934.9	52290.9	467974	37133.9	90780.8	159244	32727.5	130018	370913	52994.8	103599	977411	
1984	2	15	466674	1.59986e+06	732947	431334	3.54442e+06	876290	1.62159e+06	526590	9.7997e+06	1.09389e+06	3.13011e+06	1.1469e+06	921704	7.234e+06	1.32309e+06	3.53323e+06	862777	1.92457e+07	1.71504e+06	4.66267e+06	1.75587e+06	1.50904e+06	1.00118e+07	2.38804e+06	5.08267e+06	1.27625e+06	2.84014e+07	11714.1	37573.2	97927.5	11399.4	38174	246216	15081.9	51136.8	509223	25887.2	51092.1	66265.9	22748.8	78403.6	141992	35160	55115.1	476664	37601.3	88665.4	164193	34148.1	116578	388208	50241.8	106252	985888	
1984	3	15	369723	1.57468e+06	789136	435393	3.10052e+06	980906	1.49004e+06	497694	9.23809e+06	919920	3.03474e+06	1.3322e+06	807522	6.69323e+06	1.58857e+06	3.24105e+06	960679	1.85779e+07	1.42019e+06	4.36088e+06	2.02188e+06	1.28419e+06	9.40727e+06	2.68255e+06	4.78011e+06	1.40344e+06	2.73605e+07	12289.8	37408.2	97328.9	11590.4	38395.1	245432	14898.1	51297.5	508640	26574.2	49026.1	69909.3	22011.1	70517.8	153138	31667.5	58026	480870	38864	86434.2	167238	33601.6	108913	398570	46565.6	109324	989510	
1984	4	15	260695	1.57217e+06	881460	333684	3.01067e+06	1.02924e+06	1.42026e+06	481104	8.98929e+06	760415	2.98579e+06	1.49198e+06	687489	5.99985e+06	1.79838e+06	2.95369e+06	946534	1.76241e+07	1.19072e+06	4.24078e+06	2.25002e+06	1.0303e+06	8.59071e+06	2.94169e+06	4.44105e+06	1.44011e+06	2.61254e+07	13340.7	36898.2	97582.5	10924.8	38180.7	245059	14759.9	51601	508347	27167.8	47695.8	72973.3	20375.6	65516.6	161584	28444.7	60540.7	484299	40508.5	84594.1	170556	31300.4	103697	406644	43204.6	112142	992646	
1984	5	15	213750	1.67276e+06	912844	320627	2.93399e+06	1.07443e+06	1.42476e+06	465671	9.01883e+06	569659	2.97158e+06	1.61366e+06	574254	5.48983e+06	1.95121e+06	2.8009e+06	896058	1.68671e+07	963780	4.20292e+06	2.47647e+06	866301	7.84439e+06	3.18134e+06	4.15838e+06	1.39539e+06	2.5089e+07	14494.6	36534.6	97785.6	10620.1	38102	245045	14625.4	52024.3	509231	26981.9	47637.8	74569.9	18906.1	62286.7	169320	25916.6	62869.7	488489	41476.5	84172.4	172356	29526.2	100389	414365	40542	114894	997721	
1984	6	15	220023	1.81043e+06	808988	341625	2.95994e+06	935717	1.43959e+06	395440	8.91175e+06	456378	3.04008e+06	1.72527e+06	523747	5.27053e+06	2.06898e+06	2.76222e+06	842220	1.66894e+07	772837	4.23612e+06	2.63795e+06	789704	7.35585e+06	3.30041e+06	4.06476e+06	1.28672e+06	2.44443e+07	14861.8	36690.6	97777.8	10400.7	38181.6	245440	14695.7	52185.5	510234	25704.4	48128.9	75891.7	17993.5	60256.8	176732	24272.7	65235.8	494216	40566.2	84819.6	173669	28394.2	98438.4	422173	38968.4	117421	1.00445e+06	
1984	7	15	224147	1.97361e+06	554197	363467	3.05596e+06	711138	1.40724e+06	329662	8.61941e+06	452333	3.28385e+06	1.6174e+06	563115	5.30138e+06	1.9302e+06	2.76093e+06	773072	1.66823e+07	687901	4.484e+06	2.59648e+06	795413	7.33304e+06	3.17918e+06	4.03756e+06	1.1813e+06	2.42949e+07	14623.5	36619.7	98389.6	10283.1	38321.5	245487	14817.5	52309.4	510851	24896.4	46968.1	78812.7	17710.7	59234.3	182448	23137.9	67843.8	501052	39519.8	83587.7	177202	27993.8	97555.8	427935	37955.4	120153	1.0119e+06	
1984	8	15	292555	2.00265e+06	344116	413796	3.21259e+06	548061	1.42016e+06	258438	8.49237e+06	473476	3.58309e+06	1.27105e+06	695128	5.51374e+06	1.57887e+06	2.74142e+06	669545	1.65263e+07	698448	4.87341e+06	2.2677e+06	966909	7.52945e+06	2.82189e+06	4.04386e+06	1.05415e+06	2.42558e+07	13967	36514	99229.8	10780.2	38518.1	246677	14942.7	52286.3	512915	24687.1	47612.6	74808.5	17517.4	69982.2	165690	23890.3	66115	490303	38654	84126.5	174038	28297.6	108500	412366	38832.9	118401	1.00322e+06	
1984	9	15	383607	1.98179e+06	281510	386347	3.54607e+06	549732	1.52329e+06	291503	8.94384e+06	546775	3.79199e+06	851182	768006	5.80988e+06	1.21269e+06	2.74055e+06	544899	1.6266e+07	776068	5.23267e+06	1.74316e+06	1.09062e+06	7.90801e+06	2.32455e+06	4.03246e+06	893234	2.40008e+07	12964.9	36651.1	100132	11023.5	38954.7	247285	15134.1	52104.2	514249	24100.8	51014.8	69209.9	17271.2	86593.9	146107	29839.7	60790.4	484927	37065.8	87665.9	169342	28294.7	125549	393391	44973.8	112895	999177	
1984	10	15	466003	1.9394e+06	254671	349516	3.76087e+06	530038	1.74634e+06	315414	9.36226e+06	705883	3.78214e+06	649536	834643	6.21807e+06	1.10813e+06	2.8658e+06	520225	1.66844e+07	940636	5.35337e+06	1.35773e+06	1.2311e+06	8.42576e+06	2.0237e+06	4.12592e+06	824618	2.42828e+07	12056.4	36794.3	100909	11940.2	39692.1	246925	15892.4	51896.4	516106	23784.9	53972.7	63585.3	18923.2	98434.6	130063	35880.7	54438.5	479083	35841.3	90767	164495	30863.4	138127	376988	51773.2	106335	995189	
1984	11	15	457457	1.88994e+06	270161	336909	3.73431e+06	567242	1.8464e+06	364674	9.4671e+06	868633	3.68495e+06	594233	785813	6.60565e+06	1.18304e+06	3.16462e+06	603244	1.74902e+07	1.16855e+06	5.28146e+06	1.13961e+06	1.21023e+06	8.91253e+06	1.98242e+06	4.4215e+06	862447	2.49787e+07	11425.4	36589.3	101409	12714.9	40077.7	246008	16612.4	52002.1	516839	23981.2	56066.1	59433.9	20598.3	105379	119447	39495.6	50342.6	474744	35406.7	92655.4	160842	33313.2	145457	365455	56108	102345	991582	
1984	12	15	438616	1.77817e+06	366313	322949	3.75064e+06	623470	1.84282e+06	431857	9.55483e+06	921578	3.58367e+06	575944	753195	6.74656e+06	1.21226e+06	3.41136e+06	706215	1.79108e+07	1.29394e+06	5.1298e+06	1.08403e+06	1.18768e+06	9.21703e+06	2.10923e+06	4.75298e+06	1.01224e+06	2.57869e+07	11067.5	36296.8	101525	13659.8	40312.8	244458	17347.6	52081.1	516749	24595.7	56878.1	57220.2	21717.3	107696	115596	40708.3	49543.2	473955	35663.1	93174.9	158745	35377	148009	360054	58055.9	101624	990704	
1985	1	15	409120	1.62102e+06	488937	300784	3.62575e+06	777380	1.85504e+06	453269	9.5313e+06	866188	3.4119e+06	691255	743909	6.77594e+06	1.24807e+06	3.53259e+06	790162	1.806e+07	1.28606e+06	4.90425e+06	1.17786e+06	1.14646e+06	9.33863e+06	2.18996e+06	5.00484e+06	1.15375e+06	2.62018e+07	11008	36322.2	101262	14504.6	40867.9	242220	17562	52208.7	515955	25517.3	54558.5	59256.6	23431.5	95731.6	125561	37556.3	52771.2	474384	36525.3	90880.7	160518	37936.1	136600	367782	55118.4	104980	990340	
1985	2	15	354130	1.56712e+06	631240	291755	3.46166e+06	999617	1.72802e+06	527993	9.56154e+06	775063	3.14975e+06	893874	694955	6.73311e+06	1.43255e+06	3.55728e+06	875419	1.8112e+07	1.16823e+06	4.59258e+06	1.38855e+06	1.0881e+06	9.28529e+06	2.39241e+06	5.10416e+06	1.29842e+06	2.63177e+07	11415.9	36454.4	101028	15223	41054.6	240021	17584.2	52396	515178	25998.7	51014.2	66476.2	23953	83054.2	142221	34200.8	56797.7	483716	37414.6	87468.6	167504	39176	124109	382242	51785	109194	998894	
1985	3	15	314565	1.51356e+06	732170	332564	3.16032e+06	1.10031e+06	1.6201e+06	520944	9.29453e+06	737187	2.90155e+06	1.15691e+06	666940	6.41335e+06	1.78382e+06	3.42406e+06	938778	1.80226e+07	1.10391e+06	4.21667e+06	1.73941e+06	1.05694e+06	9.00768e+06	2.77058e+06	4.97619e+06	1.40969e+06	2.62811e+07	12289.6	35675.7	101497	16549.8	41433.6	238153	16888.4	52576.7	515064	26458.7	48326.2	71491.4	23835	75399	152727	30734.7	59874.1	488846	38748.3	84001.9	172988	40384.8	116833	390880	47623.1	112451	1.00391e+06	
1985	4	15	244059	1.63518e+06	790446	284457	2.92982e+06	1.15054e+06	1.48361e+06	534398	9.05251e+06	610077	2.87149e+06	1.33229e+06	618691	5.93741e+06	2.09826e+06	3.17595e+06	970769	1.76149e+07	949467	4.07029e+06	1.99293e+06	960127	8.42237e+06	3.22199e+06	4.70564e+06	1.4601e+06	2.57829e+07	13696.2	35263	101428	16229.4	40878.6	237954	16166.9	52827.9	514445	27039.8	46392.1	75488.3	22176.3	70666.1	161134	27760.4	62431.5	493089	40736.1	81655.1	176917	38405.7	111545	399089	43927.3	115259	1.00753e+06	
1985	5	15	175651	1.66718e+06	862939	210476	2.92155e+06	1.06857e+06	1.4286e+06	502851	8.83782e+06	470257	2.97525e+06	1.47301e+06	532699	5.48699e+06	2.14074e+06	2.97374e+06	950770	1.70035e+07	761402	4.14425e+06	2.25149e+06	820895	7.88574e+06	3.36779e+06	4.41976e+06	1.45759e+06	2.51089e+07	14215.2	34715.2	102162	15497.6	40487.9	237605	16230.2	53309.4	514223	26015.7	46121.3	78393.3	20827.3	66919.5	168533	26019.2	64862.2	497692	40230.9	80836.5	180555	36324.9	107407	406138	42249.4	118172	1.01191e+06	
1985	6	15	173912	1.76679e+06	785060	196746	2.9908e+06	909366	1.38753e+06	446089	8.65629e+06	387999	3.10447e+06	1.56725e+06	444473	5.32367e+06	2.03953e+06	2.81778e+06	908109	1.65933e+07	626323	4.27784e+06	2.40651e+06	725685	7.57986e+06	3.2338e+06	4.2008e+06	1.37804e+06	2.44289e+07	13977.6	35717	101910	14797	40472	237703	16393	53611.9	514582	25218.8	46337	80019.7	19907.7	64212.4	175597	25135.5	67182	503610	39196.3	82053.9	181930	34704.7	104684	413300	41528.5	120794	1.01819e+06	
1985	7	15	189491	1.83095e+06	543135	213214	3.02168e+06	704051	1.34745e+06	358775	8.20875e+06	349602	3.22307e+06	1.53322e+06	393617	5.38436e+06	1.83867e+06	2.71343e+06	832946	1.62689e+07	548122	4.51026e+06	2.3987e+06	639857	7.51726e+06	2.99887e+06	4.01235e+06	1.28242e+06	2.39078e+07	13420	36963.2	101776	14296.8	40942.5	237421	16733.7	53647.8	515201	24566.1	45608.3	82703.5	19665.2	62401.2	181415	24686.8	69394.1	510440	37986.1	82571.4	184479	33962	103344	418836	41420.6	123042	1.02564e+06	
1985	8	15	215503	1.84704e+06	344330	217568	3.02068e+06	553774	1.33129e+06	267414	7.7976e+06	358913	3.37544e+06	1.25446e+06	420216	5.47546e+06	1.56097e+06	2.63083e+06	732100	1.58084e+07	525148	4.69727e+06	2.15567e+06	642360	7.59728e+06	2.68123e+06	3.88878e+06	1.15147e+06	2.33392e+07	13001.6	37484.4	102303	14018.5	41094.5	238611	17035.4	53712.3	517261	24399.9	47362.4	77573	19265.4	71594.8	166714	25917.8	67080.4	499908	37401.6	84846.8	179876	33283.9	112689	405325	42953.2	120793	1.01717e+06	
1985	9	15	279998	1.85358e+06	239855	235384	3.32471e+06	563468	1.4866e+06	280864	8.26446e+06	409680	3.43284e+06	858352	475791	5.54909e+06	1.27332e+06	2.59781e+06	578986	1.51759e+07	579036	4.87552e+06	1.67202e+06	715561	7.73693e+06	2.29339e+06	3.81974e+06	966349	2.26585e+07	12569.8	37761.5	102656	14246.7	41170.4	240020	17408	53340.2	519172	24232.3	51142.4	71442.3	19158.3	88291.6	147861	31438.4	61568.3	495134	36802.1	88904	174098	33405	129462	387880	48846.3	114909	1.01431e+06	
1985	10	15	265797	1.75288e+06	226031	232745	3.61824e+06	518544	1.72666e+06	340748	8.68165e+06	493814	3.44612e+06	598528	498969	5.84601e+06	1.17773e+06	2.70405e+06	524890	1.52901e+07	673094	4.9398e+06	1.21187e+06	789504	8.13436e+06	2.01904e+06	3.87825e+06	859070	2.2505e+07	12309.7	37956.4	102911	14309.8	41447.3	240422	17675.4	52541.9	519574	24539.2	53451.7	66149.1	20376.7	100625	131787	37194.7	55099.9	489224	36848.9	91408.1	169061	34686.5	142073	372209	54870.1	107642	1.0088e+06	
1985	11	15	232640	1.61077e+06	282158	194811	3.68554e+06	557270	1.85997e+06	364331	8.78749e+06	524849	3.34598e+06	508569	474125	6.37416e+06	1.17035e+06	3.0886e+06	608539	1.60952e+07	730790	4.8406e+06	956272	734267	8.66067e+06	1.9165e+06	4.24664e+06	881576	2.29673e+07	12066.7	37996.8	103090	13715	41690.6	240167	18415.2	51842.5	518983	24897.2	54815.7	62239.9	21458.7	107793	121291	40829.6	50955.8	484281	36963.8	92812.6	165330	35173.7	149483	361458	59244.7	102798	1.00326e+06	
1985	12	15	208011	1.47495e+06	362286	168532	3.63562e+06	628921	1.90936e+06	423856	8.81154e+06	479975	3.10469e+06	552236	432970	6.68743e+06	1.15518e+06	3.4617e+06	681053	1.65552e+07	729714	4.58951e+06	927732	687504	9.12147e+06	1.99857e+06	4.73679e+06	980625	2.37719e+07	11783	38268.9	102788	13424.6	41564.2	239637	19215.9	51074.7	517756	25235	55635.6	60132.4	22233.7	110017	117437	41928.5	50474.9	483094	37018	93904.4	162921	35658.3	151581	357074	61144.3	101550	1.00085e+06	
1986	1	15	204152	1.35982e+06	485976	180579	3.46261e+06	769788	1.87701e+06	530109	8.87005e+06	435689	2.82183e+06	681081	419666	6.63278e+06	1.28872e+06	3.63725e+06	779212	1.66962e+07	675303	4.18514e+06	1.05954e+06	682595	9.18116e+06	2.19612e+06	5.10513e+06	1.15247e+06	2.42375e+07	11675.7	38680.6	102422	13782.6	42123.8	238754	19536.1	50481.2	517456	25127.4	54471.5	61572.2	24556.3	97592.9	126986	39149.5	53739.4	483196	36803.1	93152.1	163994	38338.9	139717	365740	58685.5	104221	1.00065e+06	
1986	2	15	194743	1.30485e+06	649501	215412	3.26612e+06	915848	1.70891e+06	581608	8.837e+06	416396	2.57553e+06	873589	420725	6.41816e+06	1.45332e+06	3.64114e+06	932116	1.6731e+07	636423	3.8006e+06	1.30083e+06	673405	8.936e+06	2.44433e+06	5.20805e+06	1.33708e+06	2.43367e+07	11831	39116.2	102167	14167.5	42531.4	237567	19482.3	49892.3	516755	24838.4	51641.1	67724.4	25010.7	85067.4	143860	36774.7	57125.3	492042	36669.3	90757.2	169892	39178.3	127599	381427	56256.9	107018	1.0088e+06	
1986	3	15	140672	1.35624e+06	756885	226651	3.07275e+06	992162	1.58845e+06	556862	8.69067e+06	360661	2.42665e+06	1.16364e+06	442410	6.09067e+06	1.69102e+06	3.44016e+06	1.05935e+06	1.66746e+07	551929	3.52603e+06	1.66222e+06	684228	8.55212e+06	2.74139e+06	5.03025e+06	1.5236e+06	2.42718e+07	12100.9	39275.8	102209	14402.3	42039.7	237100	19000.1	49484.6	515612	24515	49212	72600.4	24242.9	76896	154495	34029.3	59827.5	495818	36615.9	88487.7	174809	38645.2	118936	391595	53029.4	109312	1.01143e+06	
1986	4	15	121368	1.48287e+06	833020	218122	2.8911e+06	1.09402e+06	1.48321e+06	547696	8.67141e+06	295587	2.43905e+06	1.41731e+06	456849	5.62052e+06	1.95139e+06	3.15519e+06	1.05815e+06	1.6394e+07	472255	3.44456e+06	2.02757e+06	687141	7.94263e+06	3.0979e+06	4.72073e+06	1.59163e+06	2.39844e+07	12670.2	38953.7	102610	14197.4	41358.2	237564	18483.1	49326.7	515163	24170	47624.5	76536.6	22645.5	71496.7	162709	31341.5	62031.3	498555	36840.2	86578.3	179146	36842.9	112855	400274	49824.6	111358	1.01372e+06	
1986	5	15	103393	1.64095e+06	869105	172687	2.91236e+06	1.00433e+06	1.44415e+06	515811	8.66279e+06	236745	2.63301e+06	1.55525e+06	408293	5.30633e+06	2.04522e+06	2.95168e+06	1.0048e+06	1.61413e+07	391530	3.59618e+06	2.32005e+06	638313	7.49326e+06	3.27255e+06	4.40025e+06	1.54208e+06	2.36542e+07	12960.8	38141.9	103736	13397.1	40734.7	238771	18098.5	49355.2	515195	23339.4	46864.1	79920.2	20860.9	67856.8	169875	29024.2	64102.8	501843	36300.3	85006	183657	34258	108592	408645	47122.7	113458	1.01704e+06	
1986	6	15	106594	1.75093e+06	887055	132216	3.06768e+06	828339	1.4275e+06	435774	8.63609e+06	215607	2.92524e+06	1.62847e+06	346097	5.25653e+06	1.94709e+06	2.85553e+06	942018	1.61166e+07	340618	3.94182e+06	2.47565e+06	553980	7.35667e+06	3.14184e+06	4.22896e+06	1.42934e+06	2.34689e+07	13127.9	37576.6	104748	12509	40646.8	239681	18190.7	49214.1	515694	22722	46544.8	82127.9	19749.1	65552	176301	27436.3	66015.5	506449	35850	84121.5	186876	32258	106199	415982	45627	115230	1.02214e+06	
1986	7	15	131121	1.88935e+06	697104	150906	3.05881e+06	636908	1.42724e+06	350583	8.34202e+06	201064	3.19497e+06	1.65303e+06	311592	5.47197e+06	1.66667e+06	2.83418e+06	840809	1.61743e+07	313113	4.32417e+06	2.56376e+06	516407	7.53271e+06	2.82324e+06	4.15604e+06	1.29993e+06	2.35294e+07	12842.2	37522.1	105337	12301.6	40873.8	240422	18386.5	49111.2	516797	22287.2	46436.3	83400.4	19772.4	64661.4	181895	26106.5	68025.7	512585	35129.4	83958.3	188738	32074	105535	422317	44493	117137	1.02938e+06	
1986	8	15	159676	1.90297e+06	405609	171567	2.97622e+06	490251	1.38636e+06	315508	7.80816e+06	223484	3.45052e+06	1.45802e+06	308322	5.59918e+06	1.38713e+06	2.78763e+06	707121	1.59214e+07	325121	4.72131e+06	2.39177e+06	498120	7.69367e+06	2.47266e+06	4.08322e+06	1.13096e+06	2.33168e+07	12553.8	37239.8	106158	12142.3	41583.3	241620	18267.5	48738.6	518304	21774.4	47978.9	77851.2	19788.5	74889.1	166015	26771.5	66559.9	501628	34328.2	85218.7	184009	31930.8	116472	407635	45039	115299	1.01993e+06	
1986	9	15	174128	1.89933e+06	304654	155113	3.33641e+06	449630	1.51814e+06	354332	8.19174e+06	276258	3.58434e+06	1.04341e+06	344505	5.52648e+06	1.13419e+06	2.74857e+06	602632	1.52604e+07	375211	4.95973e+06	1.9824e+06	512185	7.705e+06	2.16767e+06	4.02568e+06	967303	2.26952e+07	12165.8	37516.3	106735	11824	43207.8	242363	18131.7	48431.5	520375	21586.9	51414.1	71731.4	19301.2	91084.2	146627	32390.5	61452.8	495588	33752.7	88930.4	178466	31125.2	134292	388990	50522.1	109884	1.01596e+06	
1986	10	15	176094	1.8617e+06	260367	127594	3.64996e+06	420670	1.75955e+06	388832	8.64477e+06	312121	3.5961e+06	710302	325210	5.83053e+06	985922	2.8284e+06	615499	1.52041e+07	426177	5.1159e+06	1.47979e+06	503677	8.0049e+06	1.92756e+06	4.08086e+06	922165	2.2461e+07	11607.6	37955.7	106867	11148.4	44731.3	243251	18008	47971.9	521540	22015.9	54036.1	65942.8	20125	102421	130154	38173	55339.3	488208	33623.6	91991.8	172809	31273.4	147153	373405	56181	103311	1.00975e+06	
1986	11	15	186712	1.68854e+06	339014	119991	3.6671e+06	466707	1.86225e+06	414753	8.74507e+06	330990	3.54174e+06	593841	289920	6.44773e+06	929971	3.12738e+06	703608	1.59652e+07	468295	5.08379e+06	1.13264e+06	481782	8.55169e+06	1.76791e+06	4.3235e+06	995414	2.2805e+07	11131.2	38179.1	107005	10760.9	45603.9	243521	17986	47428.1	521615	22572.8	55411.2	61804.2	21406.7	108354	119258	42054	51278.3	482139	33704	93590.3	168809	32167.6	153958	362779	60039.9	98706.4	1.00375e+06	
1986	12	15	193123	1.51642e+06	435112	112658	3.46216e+06	609595	1.9154e+06	473215	8.71768e+06	361434	3.32139e+06	652786	252406	6.59761e+06	1.04343e+06	3.43025e+06	762997	1.64223e+07	515704	4.85719e+06	1.11061e+06	413248	8.90447e+06	1.9304e+06	4.69578e+06	1.1003e+06	2.35277e+07	10852.4	38482.1	106692	10285.5	45639.3	243580	18067.8	46888.2	520487	23408.6	55926.4	59291.6	21829.8	110409	114951	43422.6	50705.3	479945	34261	94408.5	165983	32115.4	156048	358532	61490.4	97593.5	1.00043e+06	
1987	1	15	248633	1.50692e+06	516500	110175	3.43602e+06	667885	1.92362e+06	534622	8.94438e+06	389357	2.99496e+06	808361	230754	6.41984e+06	1.20229e+06	3.57147e+06	846545	1.64636e+07	564410	4.47091e+06	1.23942e+06	368864	8.86499e+06	2.15584e+06	4.9999e+06	1.24252e+06	2.39069e+07	10851.8	38951.2	105979	10032.2	45985.6	242953	17999.3	46554.6	519306	24055.5	53032.1	60784.1	23196.7	98446.6	125456	39470.7	53998.2	478440	34907.4	91983.3	166763	33228.9	144432	368409	57470.1	100553	997746	
1987	2	15	324070	1.44695e+06	679613	151998	3.27447e+06	871428	1.74689e+06	586178	9.0816e+06	472974	2.79206e+06	990856	260274	6.15705e+06	1.37529e+06	3.62946e+06	948122	1.66261e+07	664726	4.09808e+06	1.50028e+06	406290	8.52655e+06	2.42376e+06	5.12047e+06	1.37997e+06	2.41201e+07	10953.8	39067.8	105598	10371.5	45405.8	242283	17732.7	46292.1	517705	23914.6	49780.4	66924.4	23417.8	84620.3	143206	36037.1	56178.1	484079	34868.5	88848.3	172522	33789.3	130026	385489	53769.8	102470	1.00178e+06	
1987	3	15	350257	1.54246e+06	738315	149034	3.08248e+06	936202	1.55764e+06	540873	8.89727e+06	584826	2.77014e+06	1.19314e+06	280686	6.0074e+06	1.57481e+06	3.45411e+06	1.02701e+06	1.68921e+07	784840	3.9256e+06	1.77987e+06	415916	8.22936e+06	2.70499e+06	4.97821e+06	1.50687e+06	2.43256e+07	11238.6	38782.2	105404	10120	44340.8	242133	17081.7	46039.4	515140	23595	47740.1	71159.5	22102.1	76328	153675	32246	58135.4	484981	34833.5	86522.3	176563	32222	120669	395808	49327.8	104175	1.00012e+06	
1987	4	15	386443	1.70582e+06	825874	150532	3.04483e+06	1.00902e+06	1.40207e+06	533123	9.05772e+06	671522	2.86091e+06	1.38699e+06	287232	5.6427e+06	1.82433e+06	3.0799e+06	1.01806e+06	1.67717e+07	917336	4.00655e+06	2.05855e+06	420295	7.82644e+06	2.99254e+06	4.60498e+06	1.53767e+06	2.43644e+07	11272.7	38358.7	105782	9817.51	42863	243140	16594.2	46290	514118	22495.5	46762.7	74951	20505	70506.8	162535	29093.7	60083.2	486933	33768.2	85121.4	180733	30322.5	113370	405676	45687.9	106373	1.00105e+06	
1987	5	15	466749	1.93778e+06	865452	177830	3.0546e+06	979621	1.33626e+06	490579	9.30888e+06	750441	3.10142e+06	1.52399e+06	264993	5.36751e+06	1.96202e+06	2.73451e+06	978177	1.66831e+07	1.0359e+06	4.24249e+06	2.32372e+06	400072	7.47053e+06	3.23935e+06	4.11937e+06	1.50982e+06	2.43412e+07	11326.6	37669.2	106031	9308.12	41282.7	245293	16250.2	47090	514251	21856.1	46528.5	77113.9	18999	66097.5	171406	26710.8	62422	491134	33182.7	84197.7	183145	28307.2	107380	416700	42961	109512	1.00539e+06	
1987	6	15	542733	2.10498e+06	806487	213181	3.27037e+06	832339	1.3216e+06	444662	9.53636e+06	892770	3.47471e+06	1.62838e+06	282626	5.39891e+06	1.92583e+06	2.54463e+06	930754	1.70786e+07	1.22443e+06	4.68644e+06	2.49543e+06	400123	7.39203e+06	3.18327e+06	3.77668e+06	1.41588e+06	2.45743e+07	11376.6	37323.9	105864	8899.26	40261.5	246566	16287.4	47777.8	514357	21801.7	46733.7	78329.8	18257.4	62980.3	179285	25282.7	64902.7	497573	33178.3	84057.6	184194	27156.7	103242	425851	41570.1	112681	1.01193e+06	
1987	7	15	623450	2.17902e+06	597076	300386	3.41325e+06	639765	1.31348e+06	340845	9.40727e+06	1.06138e+06	3.83713e+06	1.5956e+06	377466	5.69644e+06	1.68202e+06	2.52721e+06	808384	1.75856e+07	1.43936e+06	5.1763e+06	2.53237e+06	503967	7.72282e+06	2.9244e+06	3.66266e+06	1.25564e+06	2.52175e+07	11239.8	37065.1	106038	8688.77	39888.1	246887	16277.8	47972	514057	22153.7	46049.2	80639.9	18045.4	61119.1	185331	24349.4	67199	504887	33393.5	83114.3	186678	26734.2	101007	432218	40627.2	115171	1.01894e+06	
1987	8	15	709885	2.17654e+06	395604	306673	3.33635e+06	515513	1.29753e+06	258947	8.99703e+06	1.2029e+06	4.05175e+06	1.37264e+06	508926	5.97548e+06	1.44974e+06	2.50234e+06	689870	1.77536e+07	1.67321e+06	5.55645e+06	2.35645e+06	670345	8.05276e+06	2.64184e+06	3.61547e+06	1.08145e+06	2.5648e+07	11107.4	36891.5	106166	8405.16	40214.1	247678	16083.9	48096.5	514643	22868.6	47212.7	75962.6	17682.6	71184.5	168329	25534.5	65836.2	494611	33976.1	84104.3	182129	26087.8	111399	416007	41618.4	113933	1.00925e+06	
1987	9	15	768761	2.17919e+06	334347	348662	3.70889e+06	427495	1.448e+06	256468	9.47182e+06	1.30507e+06	4.16163e+06	999245	673331	6.14683e+06	1.12874e+06	2.51575e+06	538602	1.74692e+07	1.83481e+06	5.81228e+06	1.93222e+06	915014	8.40525e+06	2.23992e+06	3.63472e+06	891211	2.56654e+07	10944.9	36617.5	106445	8480.33	40734.1	247799	16017.6	48018.1	515056	23267.7	51174.9	70064	17403.3	88966.1	147278	31675.6	60925.8	490755	34212.6	87792.4	176509	25883.6	129700	395076	47693.2	108944	1.00581e+06	
1987	10	15	736598	2.08491e+06	292061	281264	3.97246e+06	439772	1.69123e+06	323049	9.82134e+06	1.45452e+06	4.17648e+06	751315	693174	6.47574e+06	992750	2.6157e+06	494393	1.76541e+07	2.02419e+06	5.92657e+06	1.50999e+06	1.04696e+06	8.88306e+06	1.97644e+06	3.7066e+06	796516	2.58703e+07	10876.4	36469.4	106012	8461.62	41019.3	247517	15981	47716.3	514054	23776.6	54104.3	65033.9	18639	101253	130522	38103	54817.9	486250	34653	90573.7	171046	27100.7	142273	378039	54084	102534	1.0003e+06	
1987	11	15	627575	1.877e+06	336454	233738	4.01729e+06	423477	1.8474e+06	332476	9.6954e+06	1.47402e+06	4.05775e+06	656363	615313	7.1148e+06	914719	2.96586e+06	569934	1.83688e+07	2.10154e+06	5.84696e+06	1.21906e+06	999256	9.49998e+06	1.79166e+06	4.03537e+06	822528	2.63163e+07	10739.7	36271	105338	8539.73	41389.3	246098	15698.1	47471.2	511545	24320.7	55870.6	61588.3	20230.9	108104	120034	42197.3	50958.3	483304	35060.5	92141.6	166926	28770.7	149493	366132	57895.4	98429.5	994848	
1987	12	15	506116	1.62934e+06	423078	227501	3.81787e+06	558117	1.90489e+06	385177	9.45208e+06	1.2792e+06	3.72649e+06	672395	529248	7.25916e+06	1.00408e+06	3.32028e+06	644043	1.84349e+07	1.9318e+06	5.48971e+06	1.19073e+06	884906	9.86526e+06	1.91787e+06	4.46816e+06	916870	2.66653e+07	10432.3	36380.9	103767	8603.35	41795.8	244177	15366.5	46913.1	507437	24938.9	56922.2	59855.6	21395.1	110334	116511	43385.7	50735	484077	35371.2	93303.2	163623	29998.4	152129	360689	58752.3	97648.1	991514	
